0.0484005191237 -0.604312958224
-2.90377555503 -1.76762122296
0.760342369303 -1.21721295773
1.6720334188 0.708450642294
-0.614447970128 -0.583203790265
-0.364467142854 -1.76525832772
-0.6842014471 -0.579883185223
-0.832922900348 -1.08135570768
1.33114951728 0.233640183677
-0.547647557573 -1.09209963788
0.717776137119 1.85571154927
1.12972636838 -0.53907735168
0.231108199637 -0.517195396628
-1.97284671323 -2.36757499383
0.990445559441 -1.06884184314
1.91606812665 0.981941009222
1.42570949932 1.78047362606
-2.1490877684 -1.62301788624
-1.70881014774 -0.828510355038
-1.05764055275 -1.33573611055
-1.45693301454 -2.02125851142
1.35162976805 0.396413100173
1.24945647802 1.49460121773
1.78454003161 -0.291301027193
0.478671624566 0.421493022939
1.53961980751 -1.73137277769
-0.0567631242478 0.80582602578
0.459102494083 -1.81541274401
1.12938513926 -0.492763322868
-1.43767214579 -1.51554382005
0.115291531165 -0.601894320616
1.19718755933 -0.359077593234
0.227136503474 -2.35692126819
0.471176091544 0.159158936688
0.979100714855 0.917280450943
0.54270070865 1.05495981762
0.0851898500374 0.063719197231
1.72387376552 -1.20472173665
0.357396661127 1.17674763895
0.260054995969 -2.27728514425
-0.998547484656 -0.281239594804
1.8278002835 -0.315036462113
1.15572421481 0.938137133761
0.806497008489 0.818296112716
0.886447086696 1.53860112472
-0.738103401539 -0.0828147776317
-1.70887118664 -1.71910781395
1.0073500145 2.25010934573
1.20771322075 1.58099031136
0.882926111441 -1.52380899275
1.12705386217 -2.70758647049
-1.00941602855 -0.429169621532
-2.16528862757 -0.698734780652
1.57435144461 -0.656303379113
0.685693868973 -1.97571064894
1.51050212304 -0.229609231966
0.0226492435192 -1.23123185356
-1.02109331453 -1.04530986923
0.899494341799 0.732582185735
0.960706885686 0.999030470085
-1.67616770119 -1.50701792346
0.85513870261 0.52533317745
0.540299287727 -1.48509325111
1.73114261504 0.143344342916
0.0540272671303 -1.41687371201
0.941237390469 -0.960925428714
0.992198071711 1.00804922991
-1.41044283764 -1.31280974554
0.881169194268 0.906107052062
0.546209214815 -0.994941917217
1.87822343653 -0.991308032251
1.36628321708 0.623691642009
1.11610446586 1.93039889792
1.83863309225 0.258888457349
0.481393307057 0.574196194943
-0.141138842876 1.32394757887
0.403789561922 2.27590652009
1.36629366237 0.879917568144
1.6707456702 -2.83075964803
1.39480597455 0.100813391405
-0.229123408406 1.31565412326
-1.9988563798 -1.65279916093
0.878575272049 0.642979322171
0.52796713754 1.02228139079
0.534749429383 0.589041154718
1.14881093251 2.08292204789
2.33621840464 -1.39448171679
0.857972211463 0.923082054483
-2.0010946452 -0.0670362652498
-0.712578746076 -0.663321104976
1.02138260673 0.974181528408
0.968598536175 -0.226290966583
0.15738536546 1.29193045208
1.90730490727 1.43152151884
1.52636261137 1.39409280301
2.00362069179 -1.39803206824
1.60137293495 0.433261396772
0.824130286975 -1.26798441018
-0.291785052956 -2.81924557906
1.54127708418 0.171283551865
1.07343501556 1.09373904583
0.966158763354 0.574329120134
-0.0785579101112 1.04428339594
0.798269427865 -0.119262144104
0.0407477318599 -0.970054196082
-0.41148463946 0.622381756638
0.782553320684 -1.6138022855
-2.26367618204 -0.418729796262
1.52413308666 0.86009113438
-0.715008768242 -1.43999030617
-0.138425356479 0.905624284234
0.0191619604663 -0.676114986544
1.42289571831 -0.140708521924
0.998210033356 -0.630623665963
2.21844061213 0.794560461577
-0.580009279786 -1.53786832351
-0.178156702334 -0.62820803867
-1.65656331668 -0.808389385333
-0.388388268038 -2.64418619394
-0.674087566374 -1.61051087844
1.27325546046 2.11197148377
-0.246073768937 -1.15737859289
-0.856976986569 -2.34449391925
1.5029190268 0.103335074498
-0.92382931036 -2.04678761268
-0.306774032541 0.138502043695
-0.923946257414 -0.969109630843
2.09289571927 0.34181083483
-1.70528841305 -0.603191439291
0.242967820588 -2.16984741129
0.489668738844 1.13759018051
-1.2046370731 -1.13547597771
1.2008331416 -0.624415993054
1.04726180002 1.54432289653
-1.41766959888 -0.603059251236
1.91334123038 -1.06526639052
-0.60203402801 1.17603909052
1.63003796993 2.26156956085
0.490308420573 -0.480251072967
1.08883846489 1.28139255441
-0.176852750846 0.377720049333
0.598784900609 -1.6891122465
1.16740190646 1.97852738276
1.66793270663 1.38090132665
1.00102970017 0.463306601824
1.5603953624 1.05478212261
-0.364956592272 -1.59180893945
0.629601200192 -0.717784989945
-1.84173271574 -0.708730255909
1.18928739144 -0.629560528558
1.77258577022 1.28037147922
1.81308551425 -1.5717329086
1.35506726578 0.918639209729
0.338942056423 1.16667220348
1.57250328183 1.16674013442
0.712264687917 -0.475490311496
0.840280133813 -1.62323907265
2.07165264572 1.06471341483
-1.03842172933 -0.634209678601
0.927751073977 0.264026720938
0.762676987017 -1.02408262444
0.962959827147 -1.40835398498
0.887038524606 2.25611416366
0.399063447753 -0.222879577004
0.650907984299 -2.18732039795
1.06060822612 1.99347853214
1.00065379828 -2.32395140291
1.36663785195 -0.899917967827
-0.649125422597 0.478413736534
-0.928364907216 -1.15686465694
-1.94023478016 -0.469373364005
1.01474341494 1.06961811992
1.44866391277 -0.351316142133
1.58936321691 -0.619639425701
1.24688459123 -0.82054938449
2.19521744345 -2.20779286488
-1.12200449385 -1.80905473527
1.02668916887 1.35890226643
-2.20305491363 -1.73986973756
-0.471465223821 -1.9775746663
2.61274168838 0.257988924095
0.643927323681 -0.630092864279
1.45792209992 -0.446617006478
0.634166408521 1.73008431625
2.5142651645 1.93556956461
2.06313153587 0.180187676985
1.72408692054 0.30265115174
1.31079690391 -1.32981138329
1.75292229825 -0.731618039477
0.980726031741 -1.25197585676
0.957798726453 1.19465673358
-0.60659082586 -1.7055368623
1.9053872976 -0.181644723405
0.486468496086 -0.022205638658
0.737397018337 0.141662665752
0.807030625808 0.503190423907
0.475216758708 1.02296612333
1.02805001958 0.770571557893
-1.38789187296 0.0496440430971
-1.30770848534 -2.00557895149
0.19667233861 0.749320147164
0.170347296858 -0.0194556481639
0.752343373446 -0.92724822595
1.51531583547 -1.69384388393
1.63132792161 0.144836903197
1.20181710637 -1.26511551306
0.320226800689 1.22037204316
1.47348607918 -0.259950085064
0.778161636457 -2.11080564192
-0.669047240785 -1.36896412716
-0.256879880975 -1.8294212112
-1.58529108878 0.267407232409
1.74249087388 -0.446091436653
0.961192683985 -0.442407493299
1.61557295934 1.44479716859
-1.9953325447 -1.65520664898
1.98199131807 1.23509130498
-0.184659306232 1.5105424424
1.60164449509 -1.51908918067
-0.426032824357 -0.256995528166
0.295217773391 2.17710370139
1.21501559426 0.275674757907
0.403663024917 -1.37843470505
1.5546642171 -2.13752899598
0.815944817677 -0.629864907709
1.46646815742 0.677496148828
-0.84426709636 -0.6189515852
-1.97441114159 -0.585456022849
1.75715622685 -0.930652145843
1.21680667745 -1.51621933571
1.83162085465 1.22185982835
-0.888565763332 -1.69166768158
-1.1101137018 -0.806632103586
0.70776585508 0.231752341661
-1.73137142357 -0.44706654075
0.69990855409 0.553511610468
-0.652674411398 -0.596130874621
1.72806037154 1.11525066667
-0.262592175959 -1.39438536418
0.22503547689 -0.458928796881
-0.740179213146 -1.69287578468
0.595626969911 -1.22976471187
-1.26472463283 -0.402977631912
1.15917494258 0.288282945973
-0.570213084071 -1.40351825707
1.32215034012 -1.27941682458
2.22849030762 0.906908104383
1.27541110135 -0.799437210659
1.12833743948 2.16966012295
1.28465996123 1.84118849897
1.07158198962 -1.18823972429
-1.46353401047 -2.10432494798
-0.881085428142 -0.936421851075
-0.714347745458 -2.14100185572
-0.109131494206 1.59111801462
0.455936508025 -1.92986486648
-1.1715572289 -1.54507283086
0.157204882796 -1.48952255868
-1.28966279233 -1.76784748021
0.104217578757 0.590198157006
0.932889984964 -0.723194125249
1.26791270101 0.976030403628
-1.47656497336 -0.240676696354
-0.653888189857 -0.467026182753
1.06512670171 -1.02629328468
0.353261588933 1.98850618881
0.521192371584 2.16168555733
-1.00029212849 -0.73809143982
2.2753405685 0.947044670588
-0.0870502757053 -0.926631874349
1.44287677719 -0.542295769814
-0.0438803148939 1.30757419089
0.854565017839 -1.47231381458
0.0517907669813 -1.44439102914
0.74411423701 1.65666477863
0.260323933722 -1.83657264142
0.250473164943 1.73811620885
-0.30823159838 -1.3597320652
0.944568745936 -1.3692472464
1.96968308271 0.787831222603
0.236643932763 -0.298655507531
-0.785657622587 -0.745411475101
-0.00714414467545 -0.840506465758
-0.77782009777 0.0538968648301
0.646249177915 0.428945920604
0.95232391678 -0.959941089915
-0.589904435927 -0.204528345722
2.04254917345 1.36491262379
-0.266409369646 -1.0236788766
1.33629714728 0.322269755265
-0.963404734206 -1.25182120353
-1.48371386922 -2.54385374851
-0.197497590293 -0.949610363545
-2.11454743982 -0.976067162809
0.496041627501 0.37449791838
-0.396104796151 -1.45327661798
-0.802540220339 -1.23668438013
-0.944151401799 1.80621378235
1.60827444083 1.19381033409
-1.14253051322 -0.700195417514
0.88090153457 -0.839925140165
-1.50713955236 -1.56204218801
-2.26415538382 -1.01352595438
-0.369493266438 -0.376045125553
2.45872532006 -0.826739489213
0.0373708644779 1.35069456253
1.92944788717 0.929102959648
2.40412400826 -0.942839145776
1.55123854151 -1.05405304915
0.0899070290725 -0.381180961802
1.80422067862 -0.805115430692
1.3691719693 -0.295307253254
0.617478608011 -1.5235031705
-1.03083142816 0.371693403644
0.6119832614 0.670553639292
0.839235729696 -0.869114409872
2.81609721144 0.717177394304
-0.926620538021 -1.69528005221
0.947732415224 1.18110150816
2.58882823679 -0.0180559722191
0.884002618726 -0.354351439061
2.02583625941 -1.12581688457
-1.13845121617 -1.58644338157
0.68506852544 -1.91044097717
-0.316773732242 -2.08985375276
1.97451676007 0.978039350391
-2.30023829012 -0.732181304294
1.45013818174 1.41175745038
2.21573693073 -0.643942558216
-1.97627574911 -0.738777697223
0.426876401598 -0.477918532928
0.169035269657 -0.538449988352
1.49501062144 -0.164609790402
-1.83528048343 -0.754813856307
1.72736750826 1.33536665687
1.13929264608 2.39211234302
0.781616724459 0.411796723164
2.12633148312 -0.899888327994
0.825352589735 -1.11652180868
2.30667820383 1.53022783104
-0.0951477852913 0.0604176057251
0.643243472774 0.693347988872
1.15669049432 1.23073608749
1.34376566652 -1.2557748946
1.41783453687 0.30889931458
-1.47349948719 -0.65412788179
0.397736201083 -0.262760071343
0.891144718556 -0.967547008319
0.429307037204 2.26084979357
0.797696352332 -0.399047632908
-0.291986476147 -1.63258365105
0.848188052349 -1.50769743284
0.822747843061 -0.231208859592
1.1677079319 0.741139183587
2.1326379883 0.422913615071
0.485181022942 -1.21907656913
-0.55970028878 -0.780176309447
1.50104843827 -0.888932715743
0.763233772673 -1.24568725832
-1.62548177881 -1.78296811081
1.13491029755 1.48750707137
-2.27685568646 -1.4050959591
-1.32868245096 -1.03472746108
0.715587808688 0.395168506228
-0.164332656562 -1.36240584949
1.3513948647 -0.515369811243
-0.856765374606 -1.48027127481
3.2196823413 1.13264974628
1.74811160084 -1.16370648743
0.398719328089 0.370740490474
-0.155721509115 -1.14603796445
0.464652619914 -0.605198943356
1.69170549032 -1.41607914335
-1.72592054069 -1.77903412641
1.44403816851 -0.250575761789
-1.32332567075 -1.4385431562
0.445399336736 0.627875864392
0.391796217194 1.4594735256
-0.340379984206 -2.40358779866
0.941447178445 0.34858824472
1.09305608697 -2.51898209914
0.651377284515 2.35067243767
0.804533072063 -1.13134271607
0.851865778127 -0.812761295859
-1.72492401197 -0.90083298459
-1.7127955279 -1.4581990945
1.4928777155 -0.0469756613799
-0.133551988028 0.642271675494
1.8077437684 -1.42064052549
1.39917179039 -0.62162529559
1.17193325181 -2.37582270152
0.343483838194 1.30317556721
0.691800780979 -0.961474385827
1.70706354638 -0.940008535591
0.8324923862 0.827244509548
1.98782044472 1.55006267878
-1.46740623364 -1.00808886416
0.561178579226 -0.0207301821609
1.7082897031 0.539434268667
-1.13068364548 -1.80054897709
-1.03507522115 -0.697856303032
0.611687035918 -1.086520533
1.22740873106 1.69798258655
-1.65315448863 -1.16714342179
0.75259777587 -0.131531932056
1.37927892991 -1.4869714897
-1.3789517119 -0.935934637255
-1.28689817691 -1.3173362025
-2.23356022828 -0.41863784167
1.58914188485 0.825378993887
0.19983602884 -1.53756401422
1.42186412011 -0.88998284824
1.42020537025 -0.223309215705
-0.32358595472 -0.852837992629
-0.369424065054 -2.0541379461
0.859752563997 -0.199832281234
1.55437973112 -1.59132997079
0.882672944706 -2.11455111935
-1.70958249076 -1.89431186061
1.76744279197 0.836048939059
0.719755829491 -0.0306260499265
1.15902036604 -1.73761038968
-0.0697274767127 -0.847467629015
1.47515250595 -0.192467377892
1.93830122258 -0.760547612646
1.52779402688 1.74572084447
-1.35492564249 -2.40754758801
1.59831188653 -0.168474269748
1.18008995165 -2.47975236407
0.876493021117 -2.14340417086
-0.902655094787 -1.6003691432
1.2789342724 -2.22669324725
1.29067555485 -0.162191179296
1.95086732151 -0.95740053083
1.53666422715 1.24940497223
-1.08301063649 -0.658140586699
2.36913861578 1.27306532588
2.16847556446 1.21139244725
-0.955272665845 -2.12512411146
0.673208117763 0.00816572081162
0.477720192412 -0.774289270408
0.00315736371223 0.654676081646
1.33251890164 -0.715861235858
0.2269316624 1.03651555548
0.88124826071 -1.3219786675
0.957310512593 -0.413738329139
1.23755617528 -1.21843443673
2.37673478035 0.86263622454
0.118148859616 1.02003435293
0.300805842733 0.481904246482
-1.6391850763 -1.12491977043
-2.18468401594 -1.66235443425
-1.02446641567 -2.43247519537
-0.279413757238 -0.928558146255
1.20593205075 -1.5607047947
0.0904231756322 -0.562251199432
-1.01334074964 -0.856040328186
1.51124625326 1.7732049315
-0.39011501127 -0.537600434371
1.18831685122 1.36744250455
0.459181008236 -1.19853781658
2.2301361116 -0.514483283702
1.63216191841 -3.10520604311
-1.10885301104 -0.544088558842
-1.41216923967 -1.11630719493
1.68730944508 -0.972555886211
-0.420570146054 -0.301416857058
1.27243638846 -1.87006101384
1.31674236485 1.06852730179
1.11147532786 -0.370984268596
0.196771943312 0.693525968679
2.6245598875 1.08196361051
-0.0603524161194 -0.861502683303
1.32255602939 0.719309689473
1.28449084557 0.864776308915
-0.484823511432 -0.287192622631
-1.54934931034 -1.11908561333
2.71709747706 -2.31154403747
0.757625386647 0.44375457525
1.37033166683 1.2958400352
0.553794082113 0.72190972997
1.28183787179 -0.243121599973
0.384132488892 0.550373632045
1.61308293311 0.919424772059
0.141364838422 1.67721230504
1.80792882135 1.12075309155
0.953406006712 -0.977369013462
1.40496504841 1.2447581199
0.414900752763 0.340534487789
-2.02434154258 -1.30086385703
1.94975107154 0.409809864772
2.11143306662 0.549719678748
1.28612151323 0.128048943823
0.854200427834 2.10205986623
-0.962597291522 -1.32426509872
0.96272987051 -1.54144970775
0.347800006145 -1.66805421288
0.251366022448 0.842032011293
0.54047542752 -0.984188153692
-0.514076295726 -1.14994481934
-1.33697483683 -0.0220542890804
0.783293361474 -1.36372296737
-1.12275644857 -0.144891801107
0.646812918657 -0.803945050149
1.30924580085 -1.75807220079
1.74131907811 0.284204926118
-1.3630750811 -1.19837844212
0.682337171264 1.28228517811
0.93984846312 1.13600505663
2.24414764286 -0.92436739857
-0.289683613619 0.00821254871234
0.699446345841 0.167382425474
1.927051125 0.879459445112
0.746880503453 1.74520959529
-0.302574821798 -0.579808441649
-1.10314756521 -0.258135593546
0.866542554493 0.723605340177
2.12525583976 -2.26168707595
-1.28591880217 -0.22681190497
0.516279333253 -1.35510401398
1.36672371668 1.06189546093
-1.53195398747 -1.33062626782
0.627257056554 1.45153869142
-0.925343393848 0.0633022959553
-0.218816430381 -1.64437671416
-0.654921671999 1.01423392719
0.562522934324 -1.51919868968
1.55265528248 -0.890677459918
1.66307637744 0.891492934836
-1.73811207672 -1.60594354911
-0.0627446936326 -0.216204592326
1.37449134202 -1.06717150819
-1.79531539798 -0.646289572001
0.126068568278 -0.226781944747
1.67248537892 1.93034399258
-1.06388691381 -1.28109947286
-0.154713191088 -0.623833864649
1.30533096674 0.100024135917
2.40787967702 0.968783201481
1.44399915727 -0.933498136268
-1.66722564861 -1.33550817829
-1.14714527835 -1.3109421448
-1.0317683549 -1.03719683761
1.65391453758 -1.57029601595
2.3015458911 -1.75286024445
-1.64296335353 0.278120026615
0.334648742616 -0.465113749553
0.547062531532 1.11987048161
1.009494253 -0.910034720487
-0.525252064136 0.559244701142
1.03161609916 2.3015424337
0.222035016501 0.503155615591
1.79758047918 0.135621925752
-1.25317072015 0.507603655488
1.02783671421 -0.0968962976031
0.750189930382 1.38196012643
-1.3409640022 -0.370722823788
-1.0970523706 -0.353185763216
-1.00764003652 -1.51156473422
0.891584833003 -1.18042552776
0.983603826485 1.75543630968
0.64473767884 0.263683928214
0.985157629146 -2.47164540284
-0.831302287568 -1.68062254262
1.28163914882 0.520632936342
0.154633495694 -1.38181051358
1.69050038188 -1.03189018016
0.803133442397 -0.988305444678
1.3129792328 0.775839938617
-0.720367965354 -1.34208630114
-1.29066197708 -1.47156491992
2.71586080335 0.852155811458
0.855167426685 1.61612523846
1.54409387464 0.796270975709
-1.51873887338 -0.95799365313
1.82152785803 -2.11456064136
0.783678888471 -1.30514688607
0.0190396044452 -0.566076495035
0.279045301684 0.755039644788
1.23283620307 0.747196193714
-0.124507782615 0.0388625247707
1.38031832397 1.30733007037
-1.04756158427 0.652160009957
1.52266600219 -0.349572732883
-0.472294021506 -1.62173174776
-1.40871517039 -1.93163089707
1.26520223006 -1.82503164072
-1.52151625177 -0.291417642954
0.890783276302 1.73436523154
1.70241807861 -1.04269358199
1.62937861594 -1.01290260955
0.905607764374 -0.952299089274
0.342251557043 -2.66722509639
-1.09115621653 -1.13259255017
-1.36580497907 -1.21499220411
-0.818841702862 -0.271832725025
2.19861365494 0.445519485604
0.702735688297 0.419024781723
1.54025338585 1.57645290777
-1.00485620884 0.336923393336
0.228438866365 0.98281540345
0.150992528654 1.19863868807
0.452372976694 -0.778031283686
-2.33407251236 -1.3976600042
-0.49267559477 -0.00977318011772
1.75334022648 -1.97954917955
1.32019092435 0.324771590386
0.980272440163 1.29983230937
-0.0414184930945 -1.01900145147
1.48151697382 1.03490008662
0.581294683238 -0.0640274996344
-1.76696986028 -1.76502762443
1.55208095886 -0.903942658021
-0.950293836368 -1.34547229535
1.55166465715 -1.20912001132
2.04937082648 -1.91765114475
0.765463717742 -1.10380479992
1.32138116233 -1.2886418138
-0.842536365655 -1.22981077471
1.01315425424 0.584355786555
-1.03505784903 -1.59053092458
-1.65908197272 -0.821699124314
1.14900297101 0.096548516622
-1.05830187699 0.122004540564
2.00317342375 -1.26859791102
-1.63823793936 -0.214664855807
0.266553433192 -2.4743380484
1.54759642672 -2.45880004147
1.10557274443 0.821170449669
1.29464279892 1.17262153038
-0.510944835985 -0.634862340932
0.0148932677529 -1.61701294653
-1.12134514586 -0.138122508285
-0.829230363264 0.0992127383379
1.07879027163 0.541118479361
0.885716004699 -1.32223891917
-0.984451134838 -0.619582592292
-0.176249126331 -1.20481594501
0.642436403702 0.173557471114
1.65392582395 0.025946311417
-0.902008072829 -1.24083194019
0.803779668966 -0.379338978649
0.449600939381 0.142245558364
0.560338708251 0.663281017077
-0.489852935117 -0.380149223266
-0.421712004098 -1.04042959087
-1.79682677075 -0.909586478032
0.90232344516 -1.16865572256
1.61679176797 1.72309243616
-1.37873274734 -1.06400641187
0.555376521025 -0.57742631913
1.31250213965 -1.80057461333
-0.250747988119 -1.5040010019
-2.14185365536 -1.2110306204
1.19935341939 0.783435684982
1.61672599977 -0.499354060671
-1.39743706906 -1.41381176825
1.06993354171 -0.102714488551
1.19630919372 0.304813472349
-0.25749950046 -1.6020902134
-0.343476039551 -1.59726693899
-1.15014657454 0.164127270428
-1.26690290887 -1.87426425315
-1.36154120936 -1.05832839967
1.1263667949 -1.56043077299
0.940419078236 0.604989276688
2.18005461186 -0.153632344456
1.62054407755 0.809507770787
0.435407457849 -1.82188654043
-0.216832307722 -0.505005678975
-0.929605057832 -1.66845993033
1.77044199075 -0.702684928792
0.614680900901 -1.8356127163
-0.531306361644 -0.296906565417
1.37024837312 -0.708825251019
0.571161982788 0.424020172994
1.95517229367 0.517385570815
-1.76372308416 -1.08879911107
1.32596370781 -0.0753705803941
0.858605631319 -2.01417812207
-1.65810961431 -1.27756661731
0.941039364755 -0.611717796067
1.15476363207 -1.57876947219
1.35904179278 -0.778867165382
1.44809206827 -0.131869231018
-2.24368371325 -1.65434811836
0.306530348561 0.298131988841
-0.524039195719 -2.51416835388
0.0950001631936 1.18693560854
-1.07021119183 -1.49238006453
1.17971193752 -1.21099799373
0.664240930194 1.43425080884
-1.76889557702 -1.26408511884
0.525381952905 1.90849205346
-1.6083543102 -1.32076040759
-1.36837033854 -0.872530154833
1.68854533705 0.940069532039
-0.164921089616 0.911401467852
0.687106091905 0.44863277417
-1.1078506789 -0.164471823476
1.34908319244 1.73358050918
1.54952383812 -0.841098153652
0.100573093229 -1.39265121439
0.327327560043 -1.55985029687
0.269809351375 0.40004526793
-1.93333959522 -0.742551192356
-0.961541958874 0.168102904892
1.18031717954 -2.03354992957
-1.14488213245 -1.39431655148
1.00309489574 -1.04575132386
-1.12851353443 -0.772360899719
-0.428425584158 -0.998330361459
-0.230286224639 -1.54819067737
0.680257924331 -0.572232837881
1.32107608823 -0.165033948457
0.95283750099 -1.19838700641
-1.08047323639 -0.652904531724
-0.0720044284729 -1.23938759438
0.908925132064 1.06576726057
2.74804027411 -0.57172515386
0.415955442409 -1.07613097912
-1.43213964259 -0.634954031082
-1.38858844185 -1.12073762197
-0.89957525035 -0.379126203689
-1.23959919183 -1.28300609444
0.0142119850593 -0.897769613103
0.548556953176 -0.990794976331
-0.487913892696 -0.776245151806
1.19215253422 -0.869323467676
-1.70053234317 -2.11704432801
-1.38555959799 -0.445570951104
-0.708062277706 -1.42550756387
-0.324470012531 -0.602359194968
1.15697655468 -0.17508185398
-1.03988533848 -1.27732981132
-0.506750095475 -0.891086485522
1.1579071645 1.97240172097
1.88718815837 1.34964876343
1.68153808535 -1.77765255709
0.879469722876 -0.153430561625
1.31441829425 -1.09191133524
-0.175937561922 -0.272005750705
-1.14063527324 -0.914228077643
-0.955183061465 -0.506443228954
-2.02614002996 -1.04871198846
2.43660539749 -0.310283756402
-2.03773317252 -0.971866638961
1.4893953076 0.790868279601
-1.72037907781 -0.318843997095
0.0747223353088 -0.885650226499
2.04667766725 -1.20831873817
0.00404356396156 2.34562732881
1.96400899958 -0.602458448833
1.32646570207 0.933925245512
1.01776992308 1.42727423501
1.26246547446 -0.991517225468
1.11667144676 1.44452200582
-0.228402204788 -1.48795115065
0.970479984097 0.799178965327
0.466519841654 0.378553904355
1.16875062846 -1.43768518356
-0.491971259066 0.863908699603
0.750833954867 2.77816213453
2.40590908935 -0.932953407031
0.0809221662006 -1.11233369424
1.13279182846 2.19179910657
1.16790697413 1.11127107189
-0.676971785791 -1.03253680922
1.28927917973 -1.75809589075
1.24023167673 -1.80088615578
1.01678371972 -0.88280341306
0.591164616661 -1.07450977245
0.794088963162 -1.66941839796
1.17696245379 0.714389703672
-0.466222149844 1.08660533996
-2.61487043581 -0.487885246485
1.10075606407 -1.66340702241
-0.143985787063 -2.4605570202
-1.5316468433 -1.17552967373
-0.0163338706022 1.26754195145
0.642406891219 -2.01754091341
1.02668260013 0.59475730204
0.82082963155 0.75636753425
0.492081835075 0.0316452312235
-0.0114581393514 0.152619904114
1.03464648716 1.3456857434
1.38632257435 -0.0400690222244
-0.8620153424 -1.66563898358
-2.26678313491 -2.30166652394
-1.27111940622 -1.24330915904
-0.158740826817 1.10755112257
-1.04209651985 -1.60631815931
1.9436250463 1.63538915859
-0.909355014841 -2.45826415134
-0.444283746384 -1.48945069536
0.450373632341 -2.05459914743
1.32930320139 1.21801295009
0.562110075424 1.69449577996
0.0661011882866 -0.639183451923
0.36816329948 -0.531151722909
0.756426700855 0.0526277992966
1.30872303509 1.12515500601
-1.38754967295 -0.764622185741
-0.968420897331 1.3992769829
0.906313790711 -1.86208614083
-0.529154297002 -0.818117253498
0.9346583919 -0.371804220052
1.55610915381 -1.45473154056
2.17285122955 -1.20313729173
1.5327264076 1.08517251154
-1.33894729522 -1.22954263942
-0.903349848888 -0.156779673346
-2.80533552163 -1.65625657028
0.29507757611 -0.62270097701
1.60446376087 0.436672381553
1.30068298184 -1.94840284944
1.70485367744 -0.660723798434
2.07559122176 -0.880190172234
-1.54619590787 0.0178250241874
1.79001584516 1.34720066244
0.43890135333 -0.266017550003
0.506676041752 -0.485244573274
0.00868888216695 -0.0125649192385
-1.10334619016 -0.20773163022
-1.59689996245 -0.716043439137
-1.28715308495 -0.0324726781248
-0.474662223923 -1.53508142029
1.17531748283 -0.552761189788
0.21122193387 0.488525572995
-0.921689322173 -1.47299220036
0.329996768794 0.0561029766148
0.299768755732 2.17178999491
1.29838111154 1.47383562452
-0.611118077851 -0.692334374016
2.40421848012 -0.787167333436
0.27158053894 0.77907781363
1.47040490968 -1.43419290826
1.70032971376 -1.41062132112
0.912895940014 -0.262779551101
-1.31519728437 -1.99346385657
-0.21370268622 -2.14842084359
-1.41353000704 -0.319620794294
-0.0877733268461 -0.910024578201
1.23418097258 -0.889472598399
1.92750983702 1.14373279464
-0.648740172335 -1.03926963134
2.48175371504 -0.127614882415
-1.8965646999 0.163156302829
0.728871227814 0.788388074597
1.72349009391 -1.56605348752
-0.377340512896 0.0786530827864
0.791508071609 -1.68756471182
-1.28383072 -0.696242722239
-2.98240830894 -1.75839866218
-1.00338916293 0.223367761348
-0.652369361061 -0.291506767124
-1.62205169816 -1.09506688985
-1.50151091031 -1.35439147322
0.961253216384 0.815243855985
0.455271534981 2.21574246988
-0.556526268278 -1.42617058219
1.68511658887 2.56862523944
-1.19528712371 -0.629116351568
1.25609415154 1.90847768688
-1.33262257408 -0.108932375756
0.927746803745 1.28741895136
-1.04628065817 -1.29574910178
-0.409207760649 -0.759916423493
-1.01290033514 -1.22630204538
1.84193750243 -0.944051614489
-0.479339892364 -0.585495636453
-0.17824476491 -0.759167703404
1.35898552031 0.771577076489
2.15395280719 -0.0850099325507
-0.721192739662 -1.87904241722
-3.18179961412 -0.548883576612
-1.114379244 -1.10941242784
-0.0758439182563 -1.39357838042
-1.58573972986 0.128910016326
-0.481575323592 -1.150544118
-2.06398212171 -1.15157301029
-1.25790544033 -0.65784998015
0.615351017587 0.231000490711
-0.782212887734 -1.75485276357
-0.355395864093 1.13214501776
1.68972225626 1.53684376876
-1.52057052229 -1.11130857609
0.910004082655 -0.40245411604
-0.875989163861 -1.71622119102
0.452159590921 0.922727490681
0.0660190700181 0.0572977459417
-0.43318148843 -0.244048148
-2.58456221073 -0.737486056126
0.469490397702 0.964941134001
0.00657014447445 -0.787583647184
0.0599274917055 -0.838286922448
-1.66536256181 -1.32479749633
1.03477965116 -2.12129412751
0.882250044063 1.26453707122
1.76881247851 0.903512574983
-1.98163137302 -1.21494794079
-2.50368293476 -1.7232153427
0.40398752097 -1.23672828813
0.0485894797369 -1.38744522093
1.12381003738 -1.4718855249
1.20883455968 -0.842650738231
-0.0227564630091 -0.176903392496
-0.200846438167 -0.108091480739
-1.67685176192 -2.21221194253
-0.24218604067 -0.742397438504
0.973766802173 -1.17052989893
-0.484512017413 -1.27020235355
-1.28464727893 -1.05548040785
0.795879899971 0.841039776825
1.64687748703 -0.34643761922
-0.544940839939 0.274657491863
-1.94185540961 -3.3746099954
1.35603591516 0.114697995134
0.304647037204 2.42945050488
-2.1998396149 -0.88853605914
0.942499227918 -2.06743131108
-0.567722841063 1.28104933856
0.261983317709 -2.93124926697
-1.45615934634 -0.646629180562
0.962620729159 -0.844684298894
-0.983049982901 -1.30435345272
2.06841471322 -0.00356747616224
-0.828068500469 -1.02309753619
-0.258015230777 0.438422779788
0.514683773763 -1.18235907286
1.47844847328 -0.99782270714
-0.450066511187 -0.894134493638
2.03422395066 -1.19257610665
-1.43816018048 -0.66937047967
0.886676059951 -1.85873220775
-1.19455797709 -0.0453801850209
0.956853363479 -0.00291484295388
0.806223903658 1.78673371393
1.09936721432 0.776470107998
0.000627211575149 -0.75294632582
1.6385974193 -0.132239051839
0.601481562571 1.18893304846
0.482419337646 -1.35896845806
1.9841605993 -1.33484739382
-1.20017140604 0.0478376954646
-0.6499883129 -2.00225844465
1.19173111366 -1.14683940738
1.20826004777 1.03081559332
-0.29014868511 0.665418197172
1.46435841663 -1.72651691393
-1.29335739497 -0.722025634485
0.0971880560201 -0.586818694479
-1.63387505665 -0.814471578432
1.77019903675 1.90861538063
0.587539709443 0.686074495657
1.31667959267 0.13035746536
1.48780996187 -1.04518641327
-1.07193387951 -1.1276199788
0.464431982379 -2.39066219235
-1.73887190205 -0.583071632694
1.31930712508 0.749694677622
-1.86022663785 -0.378124123299
1.62189160613 -1.77792631799
-0.474282287067 -1.6293790569
0.148587158458 -1.07684713989
-1.01586825824 -2.06707660482
-0.969203141989 -1.22222355201
-1.84227041876 -0.1753781354
1.80168352111 1.2425461094
1.37982754845 1.50115722541
0.296281689356 1.07098500267
2.05711159383 -2.13352633641
-0.9798706336 -0.612925305423
1.31304846122 0.568715213674
-0.438292762871 -0.797695875323
0.450033525203 -1.39357613756
-1.92960323911 -0.837973268145
1.48564120688 0.888298593298
0.820470309292 -1.12503441909
-1.23839202446 -1.91225405787
0.515794224433 -1.10925629005
0.56089065708 0.0737969726424
1.30436557041 1.37806612237
1.9515941816 -0.512749568696
0.362234651782 -0.316532778836
-2.03585693073 -0.905718916363
0.583713513897 -0.969860188094
-0.562076347105 -1.07070176211
0.818766219354 0.19804229153
0.299971588829 -0.709728013374
1.27720469886 0.234856943889
1.45952457898 -0.95390417463
0.787381796984 -1.07378617433
0.197585607783 -0.00990947008968
0.785833197431 0.693067879376
1.25494552966 0.409602142458
1.15963732759 1.14103596269
-0.937646658252 -1.09040743772
1.30514553103 -1.62149667765
-1.05656812906 -1.49270132519
0.384587559815 0.838228874685
-1.82747237952 -1.50132464008
1.1591421651 2.1299746831
1.71100217948 -0.233280591941
1.34555086127 1.34091072819
1.02188728292 0.935521519716
1.03467068631 -2.15722635098
1.71121917482 -1.21481107269
-0.413716460098 0.37261656876
-0.395115068036 -2.05452421618
-0.101581474613 -0.581437456025
1.9596923044 0.643109730503
1.920596366 0.773579769262
-1.30452382062 -0.539622532529
-1.03192999794 -0.739631113905
1.12503413918 -0.452823192916
0.49237950896 -0.442981429436
0.657038272801 -0.787701368791
0.996482619191 -0.319888611961
1.13167946401 -1.17666457808
0.506709806901 1.66028250748
1.66743569208 -0.441495242936
0.906983595689 0.791546384419
0.236910749629 -1.21746731123
-0.706333124102 -0.352896184629
1.57765170563 -1.94390212074
-0.259429706963 -0.576345049168
-1.58527796565 -0.550452339669
-0.00719791539275 -0.439089287192
1.00926783737 0.91463855068
0.791805117052 -0.845764740751
-0.980114088752 -1.27864303668
0.765122133739 -1.42532852974
1.71167398397 -1.23149635306
1.46617700225 -0.774188123459
0.426974907444 -2.01160581284
0.846321280168 0.24117436553
-0.814682869571 -2.16329385705
0.968007227538 1.15435535903
2.16242529193 0.00837756230205
0.41260941801 1.69308496872
-1.23974453318 -1.69960101159
1.14429085956 -1.43856893146
0.672791293262 0.397892630553
1.66183332848 -1.95318375596
1.6051053392 0.480484485715
-2.13377919576 -0.599161087956
-1.67624422953 0.51200917586
1.04734396105 0.675884772124
0.0553175508864 -1.61132143713
1.04724458007 1.01143665888
2.6682013424 1.66113564089
-0.710260430923 -1.13949603844
-1.40315492527 0.092768989827
1.58720125855 -1.75333149459
-0.198459403427 0.193910411741
0.175370373748 -1.23875544668
1.0563116227 -0.807850644889
2.64265292137 0.10458722508
-0.016520919572 -0.785938005038
0.982971712921 0.483378363556
-0.857522209717 -2.45910249475
1.64498587847 1.322570134
0.0896921003799 -1.05343735886
1.53758004997 -1.24884419252
1.80663209535 1.75573301443
1.48491974883 -1.54539379239
0.723339712142 0.18840563852
1.14258741412 -0.995008165533
1.0761225003 0.696978406285
0.754119087425 0.301444054
1.98539268036 -0.876178916979
-1.1889167935 -0.113008341566
-0.0302190788538 -1.28931091465
-1.31077200633 -0.707257655943
-1.51757671176 -1.26317197618
-0.274571339388 -0.885553838206
-0.771537437191 0.0381900395817
-0.142844168364 -0.0974374070159
1.14960896173 -1.63527500405
-1.55092291608 -1.40933965549
1.34561924414 0.918727242676
0.652943153818 1.85160439962
1.72120693932 0.0855044208417
1.19926490684 -2.03126371634
0.273818288686 -0.0553285591624
0.178357096868 -0.131491632815
1.08664957166 -2.12888060423
1.42582535286 -0.897407147526
1.59537147847 0.412613066581
0.31685530201 -0.983108883715
-1.30825354925 -0.523897963785
-0.890944248488 0.0640024622505
2.70885131152 -1.01209956011
-0.82832090259 -0.385746456014
-1.92591318367 -1.31379795941
-1.58974614796 -1.1222295572
1.62074875697 -0.722099432332
-2.29663985969 -1.49932889327
0.988347901141 -0.9013471305
0.570249484672 -0.506054371186
0.706792788412 -1.54972499313
-0.123598612073 -1.80128484187
-0.925295654934 -1.63831690898
1.92398383271 -0.782223407887
1.77395582349 -0.364538172562
0.561920063 -1.37490859693
0.163509236312 0.649713232887
-1.41784197825 -1.15607142808
0.0977974969143 -1.71314847344
0.513802498188 0.895255821771
0.870462430293 0.434646058669
1.65551200808 0.975433376191
0.926514209287 1.95719048772
0.974165435037 -0.136154814946
0.577312313043 0.19531215572
-0.201658103069 -0.879022727192
-1.14347238621 -1.12180478626
-0.318551920084 -0.972650644971
0.2566881888 -0.991925866742
0.417469776095 1.12063739746
0.923473748114 -1.19822839362
1.31460204438 -2.05713975078
1.0916871939 0.167011452922
0.53147201094 -0.435813537642
1.26349787181 0.230419446591
0.500333127456 -0.0665134864926
-1.15828572883 0.348064016222
-1.87967608972 -0.342269924545
1.91397846258 -1.08777912893
0.78361988866 0.836573336919
0.543394480045 0.635167481389
1.97815245269 -0.0411067872576
0.67275477844 0.396254690193
-0.688653046315 -0.284325374291
1.20876672194 1.92847012768
1.61370874158 -0.278837964813
0.957414469294 -0.448891351025
0.316173229285 0.587294054218
1.20020876888 1.68499710821
-2.28672371777 -0.542873901616
0.750233509216 -2.57657280092
-0.729683536031 -0.92939305572
1.10083049981 2.01799145487
0.669357673234 -1.2790814954
-1.42066988557 -0.505469870408
-0.33425225219 -1.84463513495
-1.21000466131 -0.387143592801
1.106514933 -2.35837337802
-0.911083232675 -2.43446233927
0.160066875708 -2.867642944
-1.61226376539 -1.4790810893
-1.5147070028 -1.44379206152
0.991170800366 -0.77430059399
-1.6208330284 -0.385187369587
2.23443799661 -1.94573316268
1.16948257269 0.377895819852
0.226768381731 0.978344619908
1.60736565261 -2.57937508247
-0.143924666655 -1.23191604522
1.9809413819 0.712732744439
1.2023843537 1.28900957431
1.17265426868 1.42559475658
-1.1416668496 -1.98642934709
1.03610245994 1.60709364017
-1.43824079032 -1.93113608863
1.35264562632 0.337239751112
-0.278441914831 -0.208733845083
0.51906471857 -1.01090740294
1.19644755455 -0.794423516156
-2.61964117922 -1.5898001912
-1.04419092998 -1.57488555209
1.86120347651 1.84166589415
1.2516530797 0.898803228146
-0.828772747069 -1.54594627425
-1.41105299482 -1.44999590927
0.575624056411 -0.572259481144
0.952230876273 2.19933990515
0.0573673123883 -1.40003489054
1.14689463455 0.131562780311
0.618001618188 -0.319210091486
0.322342517635 1.33394766465
-0.116543848091 -1.17847354589
1.11309148707 2.09438332152
-1.09001128522 -0.681206006344
-0.80456245524 -1.26393584439
-0.890699812823 -1.38975282105
0.325908679729 -2.12066869401
-0.762802086472 -0.455397519642
2.14408395144 -0.600141358294
1.89586841444 0.379823462571
-1.46179787305 -0.668194492906
-0.239941942706 -1.96677006026
1.13921315277 -0.692017556805
0.634894225405 0.170719386712
1.42985555924 1.6455446701
0.936732594906 1.95731806786
-1.34874813301 -1.30199003877
0.580942244154 0.218872109828
-2.33966049327 -2.59984961415
1.59978142833 0.54428208469
1.29749825964 -1.54568598513
0.995954455427 -1.04900165602
0.762922470188 2.42433378081
0.312670214867 -1.95415436771
0.777855783427 -1.12454914228
0.637736670243 0.314819098449
1.0071298631 2.53880743707
0.686284246124 0.545463450589
-1.03089780319 0.132921526962
0.755216282889 -1.46953096139
0.959771337074 0.726148063478
1.329031066 -1.17802834788
-2.25983982703 -1.77328310304
0.44040432032 1.16855125682
-1.96698815548 -1.42884699226
-0.600448029433 0.0799574368051
2.0593296578 1.38719244495
1.67407174978 -1.05580883022
-0.788207298398 -0.235362786778
-1.40906269272 -0.744085977843
1.65547898049 0.632051584829
1.30153979446 0.895075885787
2.21749280232 -0.558129338084
-1.97176344907 -2.80264183874
0.0348141196835 1.04767470885
1.18981912925 0.438952180224
1.82514569981 0.874052614931
0.0831579150578 -0.339625084691
0.459059681915 1.61743961955
1.55669324621 -1.39353033282
-1.70459134536 -2.50031564567
-0.902121381563 0.217200045608
0.437801028861 0.674963615995
-1.06186118731 -0.812630374647
-0.908261885548 -1.61536720859
-1.84946652193 -1.84202182716
1.47060632991 1.28522328537
1.9747629146 1.72630996694
1.43576339821 0.558165640777
1.37854150971 -0.272654341268
0.51889067399 0.917767817507
-1.7699795653 -1.28304655374
2.23699210766 -1.1213946037
-2.06593766335 -0.610125115595
-1.21076635057 -0.624108459881
0.931083232902 0.535565199547
0.745593553919 1.54533585409
-1.36518756746 -0.45567490306
1.2220124384 1.3640284302
1.97885423366 0.462727319198
1.08647869259 -0.953147370083
-0.665312502546 -1.06518595443
0.321621413169 -1.01286161038
2.12018747312 0.867815653848
0.925401747279 -0.952868907818
-1.91456506605 -1.68136317729
0.782379679811 1.06818011639
-0.894511299349 -0.513137181953
0.796220796613 -1.29442444701
1.15047591344 1.0680534624
1.1990201633 1.29078043832
0.356620588591 1.13492769435
1.72061605321 -1.27688661015
-0.119657786312 -0.422927048759
-0.657916586154 -1.07557336019
-0.406814151163 -1.13910389242
0.0446692389423 0.984691063848
1.5691254646 -1.51540796293
-0.997077500642 -2.03844408736
0.537960575906 1.12307326731
1.22360228333 0.90355455
-0.892698071607 -0.514109904303
1.05221048458 0.246030651417
-1.70872000692 -0.12460111722
-0.123316970903 2.02110032477
0.193236014237 -0.61895110807
0.0775978598015 1.37870575397
-0.78320748744 -1.9391934604
1.58591710075 -0.794838906078
0.194700006017 -0.769620069661
0.123028423591 -0.854351329259
0.482305902526 2.08011021678
-0.344243348622 -0.460768384471
0.218135312377 0.975292282278
1.15088713765 1.39760515146
1.51036339352 1.09028803753
-0.302444364253 -1.38369622745
1.67448724348 -1.51258537969
-0.487260292095 0.334939089692
1.22338288006 1.21508534635
0.268132810051 0.240600758377
-0.243619111082 -2.12537360533
2.0872978551 -0.924896065038
0.650688353404 1.01494585669
-1.35425358926 -1.4819122971
-0.229214675243 -2.02432781126
-0.265783638507 -0.601972417102
-0.980281088767 0.384860889916
1.53998416407 1.72060718015
0.816848188002 0.872428651347
0.406452992822 -1.34287031188
-0.727705638498 -1.53342727189
-0.342812949962 -0.687062093373
2.00201027297 -0.554389262235
-0.480539210631 1.98375580711
0.885607091247 -0.423511155692
1.41659469827 -0.836265123202
1.52901820223 0.622607154273
1.09926464741 2.28340475327
-0.777869732408 -0.571123450226
-2.0730447374 -2.19837911487
1.67011868293 -0.826487312632
0.33653983789 0.164711187106
-1.76880260193 -0.599170652871
1.28986394766 0.644935876674
1.13508758965 -1.55850276937
-0.249154766919 -1.79699750922
0.627604333412 0.330619104297
-0.417685550458 -0.995197161022
-0.0268982219672 -1.18534723395
-1.5160296187 -1.47483088651
0.998306846107 -1.09111927027
-1.21192221183 -0.307224390645
2.20983233824 -1.66617848773
1.94880989182 0.721296309875
-0.902878324097 -1.89202355741
1.99608844756 1.27726060947
0.372928967712 1.38382969135
-0.71697995967 -0.646959497386
-1.00779493914 -0.0591479377286
-1.08560465062 -1.29939647714
0.673686880649 -1.39708559744
1.54191242687 0.45787872186
1.31964972282 0.0567038705459
1.98318186046 1.10250853933
-2.01392680427 -2.10095751678
-1.53819441177 -1.81836702313
-1.16417662444 -1.60434890694
1.3137366991 2.18732710098
0.348042988476 0.0970125161299
0.446633884717 0.364889914932
1.44126392586 -0.698242196732
-1.45629954995 -2.24232137063
0.819907015065 0.165814654504
1.27236577821 1.81972874523
0.430797602569 -0.208397821632
0.0388702143344 0.252580592287
0.636099912305 -1.64641007783
1.17970827166 -1.62973946203
2.98923714124 -2.22307501149
1.01925679142 2.56241147267
-0.525927858509 -1.02233775294
-0.179162078797 1.56459463753
-1.84876102114 -1.05641896131
-0.198812525301 -1.01313693888
-0.204384999599 -0.50403604142
-0.610122178212 -2.21536926301
-0.104921036551 -1.69353427547
-1.5637088743 -0.832872990716
0.0826702867487 -0.849915790717
0.342402976969 -1.73648691693
1.27384630852 -0.0684206447628
-1.95940034257 -0.782604702706
1.74854952769 -1.24893989642
0.058147544919 0.194527773083
1.10063221785 -0.908845314549
0.693274663961 -1.00377416121
1.66029161613 -0.789665139652
0.67017411001 -1.23805917043
1.57719005369 1.37182485657
0.690792001448 -0.870979612141
0.974962349698 2.66652174585
-0.933211686921 0.636186763035
1.66459456485 1.06128586897
0.638679286594 -1.51993507838
1.65065357804 1.40755721398
0.196646606262 -0.899913809698
1.62474230319 -0.386719663712
-0.276979659156 1.21252273312
0.759062480473 0.823102529571
-0.18503801387 -0.970347202086
1.23723288765 2.41473049304
0.237545153071 -1.24234233539
-1.00253597207 -1.33620097663
1.13654684591 -0.747298343985
0.238774141023 -1.0360772597
-2.17976747341 -0.787892264681
1.67922539106 -1.68287956656
0.539451735224 1.67821784699
1.39150928697 0.255413086282
-0.746627502509 -1.20489846716
1.01943349214 0.70212045106
1.57531110469 -1.11952519032
-1.29050116978 -1.5971900374
-0.402951000849 1.2638135646
-2.45851463751 -1.80580509494
1.24697162455 0.893057903518
0.988085710297 1.26540621489
0.789451286467 0.537573984216
1.57776056246 0.791173781703
0.331832738859 -1.54296487556
1.41955856077 0.820578174417
1.48866736973 -0.402796284884
-2.3994873144 -1.124859773
0.138654693611 -1.14800680359
1.0806035112 0.734596705984
1.46182879245 0.500383857943
1.6586423302 1.28364285623
-1.35259660616 -1.41091140195
0.371819351169 1.918729257
0.399255797266 -1.91055844222
-0.725337970639 -1.45814055363
2.87639958854 0.859434040203
-0.479512539144 -0.852748443359
0.159216087595 -1.41749049294
2.72577754789 -1.41059040457
0.0109179382546 -0.644798785939
0.117764646192 -0.664970962608
1.5742215487 -1.25022596808
0.928081796419 -1.37729596753
0.891474934317 1.04624218325
-1.40824790637 -0.549198810774
-0.913117198586 0.285956481507
0.39781628363 1.2298109065
-0.281451816792 -2.24056178399
1.81218204975 -1.17096876781
-0.585791117394 -1.33335710542
0.956779688979 0.687214622436
-0.219649338466 0.0877300721214
1.96789729036 -1.27266287181
-0.861171058451 -0.167015365143
0.332297326772 -1.59472981538
-0.213044785887 0.606416816379
-1.4961948741 0.0160696118822
1.15066832735 0.295544134825
-2.16744592502 -0.588373575882
1.31808811951 -0.615132716435
0.26471634868 -0.821383415593
2.74404034154 -0.291701385529
-0.490977590986 -1.02723371466
0.348890448233 0.874987635539
-0.0108401241943 0.054886250991
0.611448446927 -0.93154972354
-0.0060952194625 -1.67557462565
-1.76572653971 -0.855942237386
-0.156271924777 -0.659395155821
-0.702568129355 -2.31703865897
0.466346924291 -0.0128582343291
2.24226099268 0.724792763672
1.66013226113 -0.917774017033
-0.237654586338 -1.22636642464
1.36348843202 -1.47080816837
0.695034712631 -1.5136892826
-0.201678228242 -1.83046740048
1.09469777203 -1.73694433127
-0.0762063269325 -1.07096209956
1.80384540648 0.362404735653
0.372515181486 -0.0289729949583
2.56098173879 -1.1327329014
-0.131090545779 -1.10912859004
2.58151626548 0.970419993838
-1.33135264785 -1.14249947003
1.53947113812 0.908692186352
1.29240782055 -0.81913146152
0.527119040257 -0.692314855778
-1.11582148496 -0.164731204822
0.553101305614 -0.268468067494
-1.48233390059 -1.38366103123
1.6579193692 -0.627486666655
-0.174406013158 -0.41435480899
1.5914969221 0.527084320659
-0.861420566598 1.42442366705
0.295774199456 0.424915122078
-0.0368721735381 0.109209305477
1.10831559892 -1.61450289262
1.94892288997 -0.562272374962
1.8269650209 0.557667369396
1.64665759222 0.907202389742
-1.25813447534 -1.44115802334
0.363865727829 0.702977665315
1.36474541352 0.596948421131
-1.04923773411 -0.441543540416
-0.441460762403 -1.62081572271
-0.995842829929 -1.73423026002
0.465265484553 -2.07447067026
0.724044100204 -1.44750067478
1.0287575583 1.41542614372
1.75773078779 -2.36633757981
1.75587373415 -2.52800715029
2.00209743021 2.02354991955
-0.0581062261991 0.352659232865
0.671482484605 1.61298697515
0.732579442488 -1.02282991628
0.889633088685 2.57970644811
1.31291690982 1.07400399683
0.871370988825 1.57723275375
-0.366262871037 0.538075789189
0.354023679502 -0.0159369487337
1.00533224882 1.62080528061
0.952907073754 0.0771228912487
0.795850609554 -0.218715965851
-1.92596819055 -0.983751876972
-0.408316223471 1.4127925239
0.843018746024 0.788425188681
2.76845776825 2.23894497174
-1.85966638283 0.0583057136374
-0.611466440313 -0.540852912039
-1.18760684838 -1.34762574681
-0.18176101944 0.921273812208
0.985101905001 -2.70669279166
0.12145247248 -1.00912363159
-0.108056878135 1.42726556538
1.67673760782 1.35564753657
-2.81537199532 -0.931924386116
2.51492105056 -0.623503226874
0.740507197746 0.338068943111
-0.324653325322 0.875530799408
-1.06112973094 -1.38777531855
-0.60110897754 -0.480914264328
1.1446833582 1.37172975488
0.401331679924 1.88005375558
2.81754669681 -0.716973962188
1.02176575229 -1.45823472644
-2.08392973551 -0.082001011555
0.634650668001 -2.11453651803
0.496276928014 0.430904908012
-0.243260839139 0.100631222275
-1.80078648972 -1.50370169914
1.03566799391 -0.255960490043
-2.06934236373 -0.349880652635
0.795557571567 0.398338403269
0.0564522041596 0.46689862822
-0.536596243484 -1.2386120874
-1.09971350815 -1.91613445997
0.881065616295 0.203153794292
2.6671804842 -1.8462900759
0.839703209437 0.0672525015597
0.64702151875 0.510391000783
-0.787440468532 -0.276230109231
-0.395887992794 -1.41278845699
0.259768446539 0.610810477685
-0.175519346706 -2.61361679853
-0.904778147838 -1.58681780899
1.11475000072 1.06742494914
1.41197101088 -0.239634437823
0.320180534623 1.99842180255
-1.67993962388 -1.60483369726
-1.30044650765 -0.0373422056872
2.10937436914 1.45357745371
2.34605941854 2.036360354
0.895863693436 1.06720294348
-0.155712764766 0.0170144358619
-0.147165114986 0.486681034691
-0.0124947447883 0.683354807102
0.390441995573 0.594805234665
-0.847913320715 -2.15191560665
2.0266051009 1.59678635762
-0.658162416843 -0.0744640892594
0.197799701445 1.03294626626
0.948071763255 -1.75975020956
0.378549976659 -0.386557527757
1.03861994835 1.20928421928
0.931513166972 -2.17775080402
0.127321284809 -0.605052551724
-0.0516775985672 -0.244366868314
-0.645917810314 -0.567979038527
1.26902638365 1.70679829837
-0.0674807809501 -0.877000960584
-0.967705458731 -1.67086213616
-0.809522549716 -1.32459311299
-0.0445427002794 -1.60965722344
1.00603952924 1.36890294592
0.810745345924 -1.14734870432
-0.509523923634 -0.512344541965
-1.06426772109 -0.544152994435
1.24899246101 0.665899610718
0.654577985252 -0.450023092962
1.88239819153 0.929724547619
-1.1534709063 -1.31252535393
0.471743258542 -1.37448399986
1.29732840917 -0.452440746785
-1.92436774278 -0.65064100703
-1.53642931927 -0.102942061745
-0.832639043738 -1.4255212124
-1.96271136496 -0.563892862827
0.543313992329 0.726332637369
0.0443859859424 2.36296904997
1.33769542382 -1.92104813429
0.436061444722 0.217181652975
1.64859081068 1.39065731643
0.588837453416 -0.0725922099649
-0.146394401003 0.844221960587
-0.711409409837 -0.623822277186
-1.17980878813 -0.794570021645
-0.265700748549 1.28793397003
-0.642387624675 -0.0800918963302
1.3756175644 1.28328681893
1.65571972447 1.98862939423
0.105129919136 -1.50492422692
0.7307482038 0.689314734791
0.972502027241 0.182334551581
-0.658710833659 1.60483661035
1.30126191452 -1.66639417408
1.27437837185 -0.604999009495
-2.18729188678 -0.488871528209
1.88042095225 -0.460644485594
0.524284870219 0.604977463222
0.974980086516 1.23521101986
1.01226092929 1.22653803523
1.50472234491 0.609566279986
1.7494398313 0.21734552477
1.84229747664 -1.52210363009
0.453426253601 -0.492748718851
-1.86138223195 -1.35483463039
0.142195136819 1.59105408348
-2.11009680263 -0.27807662695
-2.46759023685 0.135209584775
1.09233822905 -0.386395913748
0.71890971885 0.672066768724
0.0813241047924 -0.253609309761
1.63712523566 1.22205275063
-0.767816758118 -1.11594014831
2.83440169221 0.476768775354
1.13654878801 -0.247093998994
-1.68147013212 0.454760973966
2.01906556629 1.03884455781
1.66672663851 -0.880853419453
0.830586119091 2.06278281925
1.15202574285 1.05474782676
0.84426609283 0.398756064535
0.586018132534 1.78709342916
1.11246283287 0.333148533029
0.189851318566 0.781395424212
0.300505070426 -0.737536146907
1.01303915946 1.73802748243
-0.736850801963 -1.63951615698
-1.17564567775 -2.24334351681
-0.578894960582 0.284245209455
-1.07741335197 -1.302702385
-1.20169201691 -0.501750312332
1.84684033512 -1.88536002275
-0.767041247817 -0.290374616751
0.202694264818 0.149919031929
0.710466713468 0.476781631991
0.47133015091 -0.902586618959
-0.771940270452 -0.91266133527
0.719091536407 0.778341293464
0.895850608534 -1.24932289861
0.906408908232 1.75442066418
0.330838499655 0.75781275701
1.97337377695 -0.148944026176
0.576207576389 0.279610739064
0.0854312037853 2.16069147573
-0.919034448168 -1.38314890201
1.44538669007 -1.53735446075
-1.02007826625 0.178420564071
-1.3367308154 -1.16428604803
-0.199915281203 -1.03474909954
0.657192484339 0.804492331505
-0.623094099752 -0.661660703754
0.970990123012 -0.0368408945194
0.515565106551 2.07546393797
0.831063545983 0.385266760033
-0.807746957471 -1.42253430521
-1.18742345827 -0.850776615364
1.15792605813 1.31479847016
0.0767854633455 -1.22113310508
0.956861518533 0.924886306596
-0.0828624379603 -0.935994216766
0.499538893908 -1.03041654879
1.93923423389 -1.07363268887
-0.545552630516 -1.38304192081
1.61963127885 2.0316353706
0.43615759754 0.272361082925
-2.02785686953 -0.596464907859
0.350522448041 0.334619077894
0.465099253265 -0.0064540316611
1.43540732533 -1.28527528974
2.07294545005 2.02855113893
1.74795657952 0.682629937304
1.39872905611 -1.1920096244
0.671795068423 -0.54100889985
1.79442873955 -0.227936817866
0.873324901314 -0.773330127407
-1.05045111493 -0.381119741699
1.06099642497 -0.140048672713
2.86712546222 -1.0000478468
1.65972768345 0.812683677635
0.848135301044 1.31177527563
0.0707333366516 -1.45092013038
0.333848149066 -0.934549515395
1.23675783158 1.45624688319
1.6807750524 2.49370777304
1.15727519869 -0.633840272054
-1.57804555428 -0.937266099513
0.298672346594 -0.00904064167772
0.218408786453 -1.39855760396
1.06886453477 1.26699137795
0.11066050106 1.67857769571
-0.142696311448 0.95300609177
0.174589448554 1.91099965017
0.693150683683 -1.52020673683
0.772545529176 0.50208554818
1.17445458367 -0.451089045362
1.48956633851 0.257144398788
1.83452277086 0.0300725549987
1.14943603424 0.153998442387
1.42358405886 1.62688918989
-0.451378854428 0.330938036294
-0.21099183987 -1.92737915897
-0.789800973465 0.477425973512
0.885721535817 0.939481302102
-1.23182834512 -1.40020332343
-0.28445275179 -1.29220061944
-0.545119255724 -0.695647836177
0.861120772226 1.06593461022
0.352871263213 -1.10919593671
-0.955928451315 -1.61015164894
-0.421479127447 2.44514500295
0.453786915449 1.18977895751
1.07366249594 0.93583841433
0.684087874028 1.18598158248
0.0388478129132 -0.289416167691
0.88804214857 0.417629754748
-0.0754439297105 -1.90440087573
-0.923947012701 -0.532162709548
-0.477230317006 -1.4462074424
1.88056496006 -1.60106787867
1.52185321994 -0.682179578299
2.24792223148 -1.00944232655
-0.397318710653 -2.18369843327
-0.625142601183 -1.27969820223
0.689478082276 -1.46901629642
-1.98017934569 -0.877723934971
1.39792124325 0.767031764603
0.652728366212 0.947636512124
0.415365116866 0.33728171233
1.46939931522 0.504746011743
1.20044058222 1.42619068413
1.40296921857 -0.614276205938
-1.16915721384 -0.888943648954
0.512571342297 0.796722029437
-0.114013512821 1.00225555151
0.729190407205 0.642795082256
1.48407712575 1.48632440056
0.102845619429 -1.20280793105
0.412257286979 0.0422284332631
-1.52025927801 -1.2766554461
0.960752051388 0.521097143845
1.07040684611 1.37741289188
-0.600335112108 -0.249389546898
1.42497817034 0.266280715222
0.18814253671 -1.39662211725
0.802462886317 0.189257770371
1.32938423784 -1.16506294377
-1.17615945126 -1.41083185163
0.185045059408 -0.820289392211
0.440060463802 0.845946954126
1.30448891849 -0.632567526241
1.6243773074 -0.67528906434
-1.26721456107 -1.10695612438
1.07891655887 1.46008738321
0.268322643697 1.84780170278
0.571175433025 -0.771467021702
2.28678609385 -1.58525006752
-0.363568053268 -0.943496076696
1.04449953634 -1.2349776787
-1.28357440262 0.221699200881
-1.02561810504 -1.05895630757
0.364891144932 1.03636177706
0.647133707818 -0.237638885874
-0.775977647535 0.455423665357
-1.88460933531 0.165534584753
-2.12939610805 -0.674750320794
-2.0292812146 -0.292700712812
-1.98452175857 -1.12237636013
1.45138995725 -0.716729704416
-1.83819938695 0.0404794774265
-0.871372553198 -1.53641675636
0.75062783466 -0.508945009742
0.730584133573 1.06604611252
1.27965467815 0.0845178823275
-1.73917155135 -0.593347187802
-1.37538910086 -0.153113944471
-1.13759007109 -1.40249148616
0.175659726262 0.201862589346
0.406175634036 0.772031371826
1.06200613818 0.546863912503
1.50617034562 1.01722848767
1.02142127704 0.951250895087
-0.829977124052 -1.28058429719
-1.62992053372 -0.662543573929
-0.110496747654 -0.861339073055
0.3774107775 -0.68662174898
1.21583187217 0.0353415730551
1.24371846467 1.46428066278
-0.503798297243 -0.704026997726
0.180817193568 -0.566320023023
0.625310884827 1.01778364587
1.17663200197 0.726441402743
1.67575176828 -1.49014593522
1.28272721459 2.35569872368
-1.63955894834 0.272478489283
-0.0431857715351 2.04729774587
-0.553383176553 -0.761982781218
0.233342111144 -0.835065399423
1.88555448666 1.14804790891
-0.994011551796 -1.71191134114
-1.89126322308 0.0722378950745
-1.01050356092 -1.07938814145
-1.12399616832 -1.62351042814
-0.337991641709 -0.41347593717
-0.453182913672 -1.61297727905
-0.342817791524 -2.90139621645
-0.427822032542 -0.547369070259
-0.893476117088 -1.26188842419
-2.29439150909 -0.0130335031227
0.622395423102 -1.87940111055
-0.650247131422 -1.85307868098
-0.807957643079 0.192234745444
-0.237976915474 1.24883725492
2.21721087422 1.69607607392
0.604151535538 1.33322196841
1.90795713395 -1.57690308816
1.27933244195 -0.940814929499
0.475820450221 -0.44086686813
1.01324547272 0.942576092798
-0.360280739202 -1.18052640173
1.21914739116 0.402132982489
0.00465608985169 2.39856925583
-0.529868399575 -1.68191720453
0.551491993067 0.205981884394
0.202138281201 1.54947026487
0.747220805682 1.42627363916
0.198907451627 -1.48110791579
1.34863668328 0.981665433859
0.277544691592 -1.25510455638
1.83873096567 -1.23565505692
-0.988455959113 -1.85524343429
1.54568302511 -1.13547718258
-0.3701884312 -2.10497113016
1.37026053289 1.17230345208
-1.07465687156 -1.34525007098
-0.121285234281 0.378973340708
-1.54703926127 -0.581498085491
-0.154451882092 1.97899346449
1.8486542953 -2.00198998367
-2.39718380841 -1.62035457342
0.817608109167 -0.909730064586
1.17247438345 -1.04242459346
-1.04889954878 -0.824920265182
1.24470362309 -1.16311152015
-1.45426914921 -1.02819657283
-0.648042118583 -1.85456620299
1.00962394113 -0.29129081454
-0.135232325593 -1.170662658
0.371934078522 -2.0025423094
-0.794357982464 -1.61357229601
-0.295728805782 -0.982645138524
-0.916650243389 -1.84927663111
0.462867472046 -2.65873630531
0.847693987826 -1.54972030529
0.876252100671 -2.53947783173
1.10427646649 -0.227673479373
0.904889553144 -1.41773957473
-1.65332136816 -1.02413253226
-0.130254261027 -1.84995209695
-0.634541722653 -1.3549419693
1.10953337986 0.848559215193
0.372858892556 -1.05056713107
1.85496947162 0.865010720019
0.904731605793 -2.19387968447
-1.71509189681 -1.32901702166
-0.894967396761 -2.02707453286
-1.06871284784 -1.62062998204
0.390928187147 -0.0744464758808
0.276030010751 1.4771161628
0.976676502008 -0.0715624481796
1.14356063766 1.81307366249
-0.834642157302 -1.52680759904
-1.34263769313 -0.46552097346
-0.258219063057 0.255596943292
0.299849256827 -0.0813397677443
0.488388489834 -0.149192260167
0.910230618181 0.809759903457
1.41291587451 0.74529883302
-1.31432599901 -0.656320261373
1.58194574059 1.34158087786
1.78209842598 -0.0947332443878
0.539012923236 0.640036223842
0.695392513795 2.29448460994
-1.4772218666 -1.42774614015
2.19539963051 -1.21048028041
-0.629322829891 -2.71165924355
-1.57652929352 -1.55629428232
0.0547605102646 -1.27515347706
0.464341968551 -1.05434781916
0.99142151727 -1.16353556242
-1.23423512417 -1.61568996812
1.54251628426 1.30298633505
2.15447376931 -0.254407151167
-1.40336927136 -0.597773757895
2.22564318972 -1.29288081182
-0.177391225656 -1.78729190033
1.66116215048 0.620619443804
2.48467368374 -1.58260342517
-1.9326068268 0.323282592157
-1.76866857225 -0.641413291222
0.936824951017 -0.154837509262
-0.696816889386 -1.14713216966
-0.786275471491 -0.283084547059
0.763885493823 -0.920179959717
1.59491395244 -1.34648999693
2.26569226741 1.30564693224
0.413625370664 0.586171827365
1.92364283931 -1.08422727225
-1.36731936847 -1.96969430864
2.16891904218 -2.12759529356
1.50376771938 0.826106485306
-1.95405866305 -1.55422956095
1.57016387574 1.04124791243
0.0243613846251 -0.482906277544
1.45032012554 -0.0994363860434
1.91265139068 -0.819935277165
2.00138977091 -1.92638600826
-0.638444789003 -0.713493502351
1.01881498692 -1.75999247562
-1.60424575335 -1.89775239001
0.184395111452 1.63057854087
1.10846319799 1.26471376372
0.670976982109 0.848287970597
-0.33530729817 -0.802084062188
1.01715926254 0.392785154261
1.5786056279 0.0629623846735
-1.56528782908 -1.51950651316
1.1058029225 -0.0738360844132
-0.129728493291 0.85108180385
0.394288345533 -1.06476968745
0.461058747888 1.3774744339
-1.32173850959 -0.997491755832
2.0722271171 -1.22854550862
0.437613235078 0.517315155575
1.6136080616 -1.01976749835
0.715840790968 1.50705795341
1.04656205567 1.21173032842
0.884678602961 -0.739260929108
0.356244516956 2.85005500471
-1.40868859079 -1.71659101668
1.07498949323 -0.868314952508
0.921837036141 -2.37173074866
-0.323844717078 -0.00417667572168
-2.1707112113 -0.564547362437
0.17881361642 2.36053482995
-0.412356529378 -1.12175095121
-0.831960149492 -0.929888414337
1.64162201047 -1.39195400536
1.52303183394 0.167738531357
0.639361140332 -0.244548256525
1.13500476889 0.190087903429
-1.54844948479 -0.924736677834
0.0897572174472 0.437304717178
0.259511772514 -1.32845559341
-0.998352714856 -2.05185525446
-1.26428284334 -0.401750089901
0.846406128966 -1.168199068
1.15365668906 1.27514405379
0.381869963769 -0.665534006168
-1.15510207874 -0.703023167329
0.0674518417838 -0.37803728285
1.05338417705 -1.18304322347
1.43236259271 0.747491943932
-0.862260936939 -0.321263389543
-1.19077292394 -0.48373494061
-1.48330200055 0.000224697050583
1.53129707458 -0.612913991274
0.4470321579 -2.07993055831
-0.680685472051 -1.66140913817
-1.35289245611 -0.105029567711
-0.191481495792 -0.530725817807
1.42412884358 -1.90318093662
1.17569868121 1.73833054763
0.728292065262 0.95805039813
0.972512406273 0.335747032405
2.14925181605 -1.92770529595
-1.0914342772 -0.0195176758899
0.908262191921 1.79315591569
-0.435016714956 -1.199665924
0.211211401242 -1.252058883
1.65229386188 1.23797548866
1.43766201572 -0.121440358925
0.879877519839 -0.277838660925
-0.949125470627 -1.14408381765
1.06944340377 2.10340928084
-1.08655473812 -0.646521012976
2.74190913003 2.18717867311
0.372541194213 -0.373912406399
1.61558309161 -0.728915566851
2.16426116366 -0.351893662738
0.464008463865 1.38905087486
-1.64443846111 -0.354645637043
-0.0250137970702 -1.96391299955
0.336757983565 1.17111041917
0.831518993128 -0.567104803801
1.06346659466 -0.878107235644
0.692567334738 1.12693690045
0.967878438142 -0.80072084931
0.866965840993 -1.28858471646
1.16368524185 -1.79743990198
-2.35591498521 -1.1046388085
0.33039399383 -0.581442555799
-0.254342703715 -0.749992437085
0.760825331683 1.0170036399
-1.77635091226 -0.865168722976
0.78369881054 -1.03176544629
-0.555929328768 0.140493038971
1.97946094728 -1.15828660845
-1.26930249647 -0.607297978052
1.29580626059 1.38323640047
-0.150075705471 0.715749742618
-0.911401838928 -0.444895050512
-0.569014277464 -1.25202081298
1.55042957348 0.673506632285
1.51788150249 -0.290011624643
0.549484158006 -0.869538324635
0.167798519551 0.645228551991
1.38788930483 0.530911871591
-0.514565892703 -0.784034075251
0.132857790659 -0.0973975706256
1.12953545814 -0.949295525184
-1.3004567297 -2.58357054467
0.72857918872 -1.42471489763
0.781913227511 1.03931573956
-1.70228602983 -0.877759295531
-0.243337331102 -0.377436864291
1.4099475649 -0.525338002494
-1.22488125594 -1.34199635453
-1.35373850533 -2.41279730785
-1.5994119789 -0.118087267938
-0.155264876953 -2.77695778824
0.88853931941 -0.189441629415
0.679651583997 1.26026775705
2.09427333557 -1.64860578847
0.928736425296 -1.10435401391
1.43293563833 -0.871787145891
0.694094601014 -0.511281182882
2.3072912723 1.63423126079
0.717768185205 1.66458386666
1.95928009956 -2.34567027898
0.637416535106 -2.68865319026
-0.909311835618 -1.9841769568
0.613896318683 -1.3773836044
-0.722816652202 0.268053993374
1.65529040382 1.47486606919
-2.17931027121 -1.34959173272
-1.87196069301 -1.8198332348
1.02704138629 -0.159700571625
-0.64533168178 -1.43555783023
-0.74177790469 -1.20042279657
1.32640303049 2.20038212607
1.95272929213 -0.00554166737193
-0.908633181895 -2.16520127568
0.206587392967 -0.500888639202
-0.336943010094 -1.0205060825
1.23140372939 1.66447253149
-0.064529672374 -1.08402878547
0.691354157395 0.803751153371
-0.486483592239 0.408304984189
-0.463106684608 -1.71820507614
0.576681442699 -1.98622367338
-0.823410453572 0.59992082707
-0.194389133438 2.36554277666
1.69363642158 0.869303621733
0.810154862077 0.0779776478359
1.47352251265 0.732593731096
0.959795354361 -1.22804342721
0.49057382128 -1.00884037816
1.0448403844 -1.74464597672
1.30930864738 -1.57180275482
1.24288531393 -0.823578307987
1.9953828915 1.31945435444
1.21163885657 -1.56436499438
-2.31118376366 0.0996752960731
0.725327701295 -1.13230013836
1.17072465237 -0.296044886266
1.04801945924 0.809406729198
0.00183468651173 -1.34408666085
-1.00207532601 -2.24393052446
1.63924134698 2.54791303327
1.34910887082 0.483447753831
-1.70658040618 -1.72580701279
1.24624607748 1.26546487347
1.32363892027 -0.909101927229
0.403189906981 1.01607182893
-0.202718332534 -0.312011146128
1.64460117665 1.22310935706
1.01896928352 1.08598332023
1.37592418337 -1.20078464574
-0.39413236653 -0.108168823437
1.88883532522 0.503102072498
1.02534842036 -1.50165038972
1.31755812152 -1.26063535115
-1.50869841819 -1.15201418101
-1.19710280156 -1.41257069138
1.08762222819 -0.948793100779
0.278709929463 -2.01931511411
-0.385453081473 -0.227358198254
-1.30348803291 -0.973402790583
0.304069552585 -0.881484331476
0.629930538745 0.924397314253
-2.02321683955 -2.0841572959
0.361024442189 1.78191140167
-2.96746763838 -1.10545754661
-1.23170742238 -0.684797818547
0.33787194148 -0.268774383403
0.542608649958 -1.6938580159
0.627221443807 -0.631204690099
-1.76967211508 -0.939099029991
1.56389504459 -0.0311713353954
-0.188674073603 1.27109633278
1.20500951048 -1.83743228441
0.62145650161 -1.08657147722
-0.928475171139 -0.646503694754
-0.596145782063 -0.427152388421
0.474345512563 -0.105643750242
-1.36745759604 -0.807908103303
-2.15696254958 -0.253851226898
0.74157271344 0.832434575697
0.0391592461286 -1.60019988066
1.70093171214 1.41804875308
2.04177653566 2.32712242322
0.313228868661 -0.884371852399
1.84407298949 -0.706719592469
-0.374530543864 -0.62685227131
0.410842395403 -0.677565742675
2.40984210844 0.785263956781
0.810117989338 -1.47849728142
0.744714518926 1.10969269869
1.30385811025 -1.05432557563
0.596513114414 -1.77510189542
1.37808611848 2.60332694937
2.10520563609 0.443149614963
0.405206232251 -0.634503474869
-0.854947824612 -0.591501051163
1.43711312348 -0.961807030707
-1.74100032832 -1.35630408701
0.525614702943 -1.35382769556
-2.41367805977 -1.68894630159
0.160337436654 -1.05532427419
0.430343861738 -0.0143823275159
0.645926782367 -0.028988164994
0.347081362444 0.115852155628
-0.877452778814 -2.48291544425
0.342712899126 1.71191469399
0.0810052278151 1.99041189515
1.27042468873 0.0616679544628
0.774420517901 -2.02820611368
1.85022542865 -1.27493073913
-1.59435101089 0.140650030263
0.445796498594 -1.40806037615
2.11493952809 0.818999157826
-1.54895496777 -0.488094465412
1.66506189227 0.894049954192
0.506961202645 -0.247707299421
-0.522481362035 0.0959311017523
-2.3396198696 -0.535506896386
0.928811907812 1.01349556916
-0.508751639518 -0.948700197595
0.0401484545215 -0.860803010205
0.463614056068 0.0256056207377
1.73792453626 1.6655835879
2.21290483084 1.4791507748
1.37683072229 0.900288207743
1.47754097198 -1.00784991075
1.15603753846 -3.0247638754
1.64205507948 0.960069992636
1.12874784604 0.730157167737
0.223365712455 0.616737329524
-1.10161917094 -1.37543276484
-1.80669101027 -0.378237606966
0.467807146635 -0.205390847591
0.724477953254 -0.886746518364
1.17273621679 2.06817029262
1.16059260535 -0.709915886298
-2.10022551625 -1.01949386635
1.19216145041 0.376359441903
0.677682398759 -1.88341344733
-0.424546550242 -1.14925066581
-0.268891522605 -1.08723261208
1.61131828525 1.83981532349
-0.83517483223 -0.921384618101
0.926959555954 0.308398640254
-0.727698501543 -1.23761802503
0.965324728673 -0.833820805334
1.0072445202 1.50402363154
-0.877938865909 -2.53557834619
-1.84759894656 -1.27561359819
-1.65458904661 -0.732723193266
1.51129283321 -0.653575047401
0.684386142814 -0.674424774373
-1.47956788623 -1.4966647075
1.53827741832 -0.575451632029
-0.0574649223913 -0.59860866672
1.66349272806 -0.930947545698
1.51269680683 0.737344319468
1.56783290393 -0.895447361353
0.668346676498 -1.95152408731
-1.8745369604 -1.49684957008
0.257842965802 -1.14303725583
-2.03261233812 -0.292514398809
1.32786966399 2.21511529838
0.821798358027 -1.16913801238
1.28061997537 0.993239934427
0.771407315625 0.994253082411
-0.238717579173 -0.482486826807
1.19594721933 0.93129472725
1.14508952288 1.21541280228
0.433897727614 0.227113209941
1.09322591958 -1.37917484409
0.677704046151 -1.33297715881
0.338887620857 0.712965214758
-0.613968517239 -1.56876123233
0.200669006557 0.0823207406912
-1.07283416747 -0.383142537482
1.43104014396 -1.19467751717
-0.281019985299 0.512915416455
0.447931521843 1.7662468623
1.02590400534 1.53753168541
0.688643419059 -1.32005172672
-1.02504055732 -0.446396948489
0.340427491786 -1.32544932307
-0.566591554876 -2.31201944772
1.56143621712 -0.292572387165
0.303247989146 -0.0903413117846
-0.583289784615 -0.185093763643
1.53813945108 0.705070688873
1.12804241097 -0.526217863149
-3.10454910051 -1.03301610736
-0.945231190912 -0.736018591842
-1.08014093191 -0.823858825826
0.529277686557 0.748312786922
1.00023867055 -1.04354336046
-0.50749011175 -0.349598396562
-1.13268196778 -0.700380325085
1.87590463296 -1.94000663341
0.245691358945 -1.02140071106
1.29770851944 -1.06162787539
-0.551063298519 -0.416304144773
1.600546747 1.79877130666
2.29471387268 0.85008334066
-1.27541438483 -0.998097722077
-0.860422049036 0.362032973914
-0.652174798613 -1.46552913271
1.48699461065 -1.1540619699
-0.0540035046763 -1.51671031857
0.430645018557 -0.0264970294618
-0.242129402536 -1.10471265117
-1.09622900216 1.61665629276
-1.67698894973 -1.70738234615
0.549467118017 -0.556382206557
-1.1793628886 -0.399636662914
-0.141335218349 -0.533551820425
1.53514821712 0.812139085353
1.06906721767 1.13802673864
0.26176007521 1.57417348613
-1.61881031082 -0.136099174954
0.844165118637 -1.34403951399
-2.14288633631 -0.486393558501
-0.515750830041 -0.604928253627
0.400415484236 -0.0791111797703
-0.356318186593 -0.778687859722
0.190672297725 1.5468386712
-1.53687412452 -0.176757806482
0.277149828676 0.694276163779
-0.206259775501 2.25827757099
0.698232563742 1.4009259568
-2.18000963533 -0.917767508408
0.957746253925 0.502271582246
1.23137292026 0.898307879957
0.493249907159 0.216260236424
0.300989332014 -1.70653869117
-1.31748717064 -1.69413985086
-0.361992158215 0.361051554105
-0.827644067106 -1.6425890142
-1.64742515117 -0.769334290481
0.795713846076 0.466955451732
1.14492014104 -0.47150904603
0.89600554308 -0.194193976872
0.992960469692 1.86660485517
0.990640901643 -0.36710040097
-0.171816309868 -0.49677198413
0.756461495472 1.10944427837
-3.61807044657 -0.318496243368
0.812586524174 0.210392067971
0.704379623112 1.0732998206
0.355783339325 0.0566562433917
-0.389769052872 -0.73784979893
1.32631649822 0.740830291507
-1.29807110645 0.405704495564
-0.787092871084 1.45753301681
1.07899474331 -1.42924266884
-0.0125742896944 1.56020856454
2.23483664218 1.28011004586
-0.289030325113 -1.23210382665
-2.1341918717 -0.225665969004
-1.27205008143 -1.45275441091
-1.49790002893 -0.210430362547
-1.50845608253 -1.12072101768
1.07022010354 -1.65715401982
0.0561108385707 1.8854883309
0.40787023031 -1.16485232003
-1.549281188 -1.23490645051
1.05903654762 -1.2083712766
-0.455796246344 -0.98939725006
0.57953970964 2.08657022603
-0.065278606241 -1.28929236374
2.03944791909 -0.486723012632
-0.85798326889 -0.127313401374
-1.12407263133 -1.26568788445
1.10955457658 1.16252672534
-1.70638682185 -1.95588690884
-1.44480130703 -0.403019162208
0.258332098108 -1.22537387242
-1.69893925145 -1.48035365974
1.01871686787 1.12841517751
-1.121525765 -0.371231564317
-1.23010938492 -0.535224447132
0.719941092007 -0.765949765507
0.943318242576 -1.36718372737
0.74088508484 0.328521225152
0.8719665134 1.62737389775
-0.981627367497 -1.08003461191
0.752204262123 0.0375340946074
1.75170097188 0.707078797575
0.603492102387 0.784616105843
1.75412041696 -0.432237226342
1.60967324752 0.385420568425
-1.33602355977 0.280142800572
-0.251145325699 0.116782918003
1.92339581341 0.382306827015
-1.00414918408 -0.0437579521177
1.09666608854 -0.64122096075
0.147443041885 0.786525453502
-1.97638813498 -0.443115313761
0.682143746239 1.0601663814
1.16437506816 2.4925073874
-0.886345873833 -1.00720392143
2.00334675202 1.29287860792
-1.54405962951 -1.21000250386
0.632751718204 -1.96676768854
-1.88643987387 -1.043046335
-0.0376940192789 -1.31818197186
1.20621958824 -2.52997566852
0.752524534354 -0.955561421317
-2.12128866645 -1.02653494283
0.761515359285 0.11577896154
1.02038550165 -0.608316709432
1.13401561042 1.61635783942
-0.170094682776 -0.634591516485
1.3971031945 0.844127429639
-1.24039250486 -1.59304712457
-0.524203391286 -1.27008205008
1.13875516305 -1.33892617772
1.5664262078 0.161334983866
0.554907745135 1.47350330646
-1.72435669933 -1.54400325668
1.52877698696 1.60718518795
1.3973953395 -2.49047197007
-1.0637228675 -2.28028364471
1.20499984445 -1.0747004475
-0.966886849971 -0.832263260137
1.24681903478 -1.37651932478
-1.95890165137 -0.454377628119
-0.148702253601 -0.79540208407
1.39658172107 1.1024131122
-1.11521631239 -0.709770537336
1.48287271517 1.9112923607
-1.09652978923 -2.05024729332
0.997753785096 -1.2117032099
1.66397304553 -0.138106739422
1.09210177754 0.0161079668257
-0.932464600176 -1.8223740707
-0.89366962962 -1.40405793652
-0.515185995746 -0.198793166928
1.16188249448 -1.98958537758
0.104605285894 -1.72995562209
-0.650941748046 -1.39038122202
1.83170515095 -0.655938095641
0.506555053245 1.47598239097
-1.43475788839 0.214200522447
2.5071838548 1.32781343538
1.73151636285 1.41932766846
1.24833038518 1.43182058808
-0.581982972271 -1.62543676581
1.02127029203 -0.464498615831
0.87114943241 -1.12744277767
-2.08004501301 -1.28123461949
0.103961748729 -1.56896147059
-0.338728113443 -0.480305741555
0.756811384488 -1.63488976487
2.21189929894 -0.748486622163
-0.802827809764 -2.06804425831
-2.27112219116 -0.474230281544
-0.42681243918 -0.901652864792
-0.534087499132 -0.997468589335
0.456965525129 -1.7893071299
0.601500031921 -0.587709531735
1.31764733884 -0.280818287703
-1.13145644538 -0.659143886542
-0.901432543685 -0.668558216833
-1.64537736152 0.241839436393
1.9633418968 -1.29758304571
0.663825675504 1.65527528508
-0.22754736329 -1.40267919636
1.29246040824 0.131848564515
-1.13166281663 -1.72502340834
1.44072804279 -0.550749523969
0.319408315155 -1.03565434631
-0.721401173693 -0.833554256583
2.04613918114 -0.448989517509
0.0885798224413 -0.57067164157
1.0231628258 0.40208711743
-1.23116652529 -1.58436501447
2.10758947846 -1.26910666715
1.71485732022 1.49608669118
0.274823333886 -1.41590917269
1.80974670103 -1.35852698801
-2.07143137108 -0.770663774536
0.965473150897 1.16732352087
0.812397640334 1.56171947706
-0.234083105989 -1.76596866712
2.18809018887 -0.249249406901
1.48475493759 -1.5416343425
-0.564724930742 -1.56226763333
1.12382471224 -1.76161017899
0.319317977453 1.94235475126
1.78211372088 0.636769856903
-1.88304422275 -0.640197074129
0.0842802175028 0.293189813876
0.840106268591 -0.539548133669
1.37127211541 -0.602423783757
2.14211819927 1.26443141881
1.42934441578 0.290589983534
1.5884539347 -0.817225672906
1.42834903491 0.0609522920919
1.04192627818 0.851233868661
1.08690110698 -1.4997325975
-1.07170592395 -1.43386334238
1.9810663912 1.11090369275
0.642351673137 1.54230982335
-1.06584371525 -0.721704349068
1.4322457171 -0.326444333152
1.71363966215 0.149966464075
-0.792954638045 -0.41018784248
1.40022639385 -1.03211288444
1.23102458016 2.55816103222
0.780449993173 -0.147612118581
2.12596550916 0.606894875278
0.807568488504 -1.09600716038
1.47428992351 1.91502869156
-0.785609258186 -0.300595104862
-1.61260832424 -1.41546422214
1.49025013602 -1.15069126418
-0.304268434907 -0.54061053733
1.67667276099 -0.831874245891
-0.853135148369 -1.46036060268
1.5039886111 0.227965650931
0.629791102511 1.12159829709
2.88735683679 0.948252733604
0.472406873674 1.09638287813
0.91965727266 1.21612586929
0.502337051396 -0.963357202327
-1.43534971077 -0.885360687587
1.05782772251 0.424925838086
1.53118068432 -1.49695116875
-0.925915749468 -1.60235682298
-0.791816037778 -0.745840734333
0.0336984733849 0.624859806834
1.40361357163 0.854190871095
-2.19582455431 0.140987570805
1.48892000438 1.00263962236
0.388458557218 -1.74042772991
1.7060181008 1.36931816794
1.03186538357 -0.557542177637
0.907663952154 1.28333326843
-0.0837780259943 1.37238224731
1.57510999843 1.00370485241
-1.27479708058 -1.76455255894
0.659771851652 -0.63285767772
0.44762847382 1.00087391905
2.11294609398 -0.314888929494
2.26101112812 -1.22312139741
1.2360700626 -0.902744470689
1.33678058847 2.93154857982
0.373173407164 1.2708317485
1.3876468361 -1.41123702713
-0.0126045230251 -0.107879949262
-0.375939276008 -0.450811265975
1.30999227962 1.15287795119
0.172407004103 -0.965672247947
-0.576722578828 0.167817741744
0.661725320265 1.0017998277
0.68092225654 1.99831112641
-1.17965509484 -1.02693366077
0.91728516841 0.523875257202
-1.55839193196 -0.671439442263
1.7843249049 -1.79091406058
1.48330031707 1.55767047586
0.666060585926 -0.880581258905
1.61370838146 -2.0534768064
0.287370687299 0.945501670841
0.310142483621 -0.0302845052245
0.627108045614 1.7635248141
0.532033075176 -1.15384109
0.498894550874 -0.381622210281
2.2344172889 -2.47047571535
0.339960787944 -2.16616925376
1.72025484482 0.949399094708
1.82747146494 -2.09945821558
2.00655870287 -0.18756729896
1.13857710296 1.75735465293
0.783464869567 -2.09104634036
1.89808684758 -0.967553410203
-1.21616203654 -0.860928920895
1.02967605537 -0.838448269335
1.87063057126 0.198798711243
0.767528405856 0.4949980931
1.75696322412 0.558036808085
2.23288628919 1.52786696456
0.989599607652 1.57498415592
-0.71533992713 -0.66156979174
0.958989414206 0.777719834249
-0.78115622589 -1.13542471795
2.3072905931 0.315905484087
1.55260317453 0.37263962102
1.31070426292 1.23357202916
0.555974534423 0.746081183809
-0.711181109447 -0.631525543894
-0.31237111134 -0.273788642288
1.3891738758 1.62473172113
0.0158259586125 0.586959647891
-0.713012350836 -0.719551743233
0.642229055697 -0.521363774543
0.744461348418 -0.253929283629
1.18976368755 -0.204486661064
1.39641930602 -2.16355396065
1.31052279756 -1.14678887439
1.75499990027 -1.29835421884
2.06399640254 2.20371251519
-1.53954901049 -1.33659173861
0.266012924453 0.00598744397472
0.747310321153 -0.21590995882
0.635230367224 0.318214902643
1.12419829958 0.718753344654
-1.30297908803 -0.737521892708
0.844176023336 0.360844547371
0.412407849013 0.164394803347
-0.954649982494 -0.338597998605
-1.34287975319 -0.538838500816
0.806781981161 -2.64580697232
1.33382885825 1.10391470697
0.989022521878 1.11264971781
1.3201167527 1.67363922137
2.01405132122 -1.38965815621
-1.03309440099 -0.535099165449
-1.27728623843 0.577998589163
-2.66053571006 -1.96722150665
0.909461391384 -0.93493504477
0.131514702371 -0.922132939549
0.839070039878 -0.517737672238
0.589742680509 -1.14408774147
-1.05708395934 -1.38714333775
1.4218953595 0.583745161196
-0.54926714855 -2.00869446895
-0.600223124509 -1.38058582078
-2.09341003928 -0.295725053032
1.6697659875 -0.8042176512
0.738782180912 -0.901274287916
-1.19631344703 -1.82619992445
1.59957365665 0.138704543412
-0.549458107183 -0.517772333374
0.327646932857 0.444817846105
2.31820548794 0.0565686572003
1.0027363145 -2.02323992635
1.92852314966 0.324775503056
-1.07177063654 -1.29741631117
1.32419123052 1.19536703507
0.546972997707 1.33057300506
-0.35685019253 -0.866188534291
1.10874484587 -0.61680180117
0.721461530986 1.54780521659
0.59592951378 -0.162010083273
-0.579576358787 -1.00927518755
-0.27288749463 0.240159667455
1.8178315482 -1.73133736171
-2.31411897264 -0.238165353133
0.720385679516 1.25903912149
0.541718483637 -1.55517866802
2.04585535121 0.856389215364
-1.21641796007 -1.25789080897
0.591134517244 1.23457393414
-0.939483233195 -0.826605535073
-0.215934688113 -1.83331901261
1.67122131215 0.329244716014
1.52063407298 -1.50763209146
-0.774456441917 -1.96235607196
0.277962277779 -0.000993881079814
0.685863090826 -0.220931429588
1.19292047179 2.00453457075
1.26583997058 -1.33289478752
-2.07960170556 -0.396496360181
0.510022035916 -1.02677053596
0.611833803251 -1.89312241531
-1.79207746941 -1.20736215808
1.56322400688 -0.82161735826
-0.375104292988 -1.33152283987
-0.211193243085 1.41211968477
1.85740939494 1.04539927444
0.582580173085 0.963202892611
2.07474048082 -1.12946599194
-0.466807098598 -0.697680161099
1.60381720793 -0.858933365082
-1.24855818572 -1.52609829309
-0.43058342842 -0.66869658356
1.23734147916 0.587257570634
1.29249759225 0.971986892254
0.949217609187 -0.563654266866
0.495255202253 -2.35861769973
0.598642819603 -0.702577359192
1.40162933886 -1.68381224869
0.0481534921473 0.971019431909
0.430482802034 0.634850943021
0.956562811941 1.88141699073
0.644614804844 -1.0983384251
-0.146896538019 -0.243472031443
-0.218106608409 -1.19148904454
-0.940323197801 -0.930404609304
0.206485022053 1.69773174997
0.611958408571 -1.81818122538
1.19899576957 2.21986814646
1.02917426042 -0.45853781974
-1.74560367307 -2.51456270897
1.09797398078 0.154071431365
-0.763179122542 0.0127544517442
1.14779643838 -1.18245579849
2.44471012154 -0.917473230851
0.6765457246 -0.36075509605
1.19296658454 0.504130463363
0.347047670945 1.87032356912
1.37394081959 1.22251956807
-1.51367170822 -1.3727063613
0.968420687415 1.05538520675
1.67567606209 -0.666324519848
-1.01806683311 -2.09368611371
1.00791718365 -1.64782375885
-0.798919881273 -1.00201327186
-1.71599852856 -1.80548440298
-1.13191435749 -1.82308449156
-1.55052789055 -1.82353120805
1.20701620719 -0.208637865352
1.18627376219 -0.951308804415
-0.379594763765 -1.03868129701
0.94455344403 -0.934222190171
-0.207596406426 -1.39268670219
1.0684074774 1.40806757583
1.54088638597 -0.16311880378
0.904835209525 1.79582395382
1.2301271533 -0.341588915674
-1.7153393271 -1.80530643887
0.854753562841 -0.796148904068
0.340729167913 -1.49198421736
1.16624481462 -1.37292861661
0.766346327753 0.985909627286
-0.230992846238 -1.08894701399
-0.990210825599 -1.40525964597
0.921426564685 -0.46157336715
-0.504489488915 -1.0153378653
1.90018880496 -0.05489887875
0.291758141126 1.05947769593
0.532601095601 2.17734521805
1.80175297976 -1.10541657597
0.915715352935 -0.0355211859743
0.719135703062 0.439942266741
-1.58527392306 -0.768235304958
0.930694182101 0.264542314389
-1.60285088738 -1.35671659306
0.0811740561519 -1.2896337456
2.66993514264 -1.82526095549
0.675482817748 1.33703703164
0.278879711779 -1.47333735394
1.91462421642 -0.685268245953
0.0455191926818 -1.60097166161
-0.342990404625 -1.71347580465
0.619996966788 1.29123503238
1.99132998043 -1.23622479869
-1.91713811394 -0.244608545662
1.51216124892 0.954158137399
-1.23384406385 -0.364638962537
-2.14365721236 -0.372682964376
-0.0868763787414 0.477107466953
-2.36470025134 -1.67207389616
1.30800058694 -0.667170926863
0.922621539937 1.7141208982
-1.93092430293 -1.24884634223
1.8155271924 -0.500815778427
1.70859252993 -1.0295239789
-1.59606580908 -0.704470774422
0.0156662698225 -1.39604692998
0.415837375284 -0.5289906723
-1.04456304215 -2.10595137077
-1.64915404965 -0.378162796602
0.427754831669 0.0190568948725
-1.14700037738 -0.263492566213
-1.31354038689 -1.13910054317
-1.81511391771 -1.89495968836
-0.843965926263 -2.51014946145
1.71096569708 1.49072893882
-1.12535768364 -2.08600879677
-1.82714192044 -1.23456391025
0.51851367228 0.150145817834
-2.13012268089 -1.14601952556
-0.606985063314 -1.88171731816
-1.2473568221 -0.479934316374
-0.107746134587 2.57052132621
0.714419727849 -1.93156272045
1.10826818355 1.72909787217
0.72925721516 -0.0131590904295
0.663830570783 0.633724339631
1.2595775009 1.09944326363
0.123043247965 1.54424324908
2.02679161933 -1.38789020726
0.311817271378 0.371174619998
1.0315938108 2.63773736421
-0.854866167768 -0.468590327424
0.538040106428 1.1491120172
1.79649105554 -0.107115504413
1.1692168018 -1.10160627338
-1.3610295817 -0.115248858346
1.56887182948 1.41108156558
-0.954286076263 -1.54145896193
1.07547140093 -1.12148671433
0.725025353461 -0.86431778415
0.497253201624 -1.44336322036
-1.29035136365 0.229535050121
-0.209193648702 -0.755697506537
-1.64428534248 -1.1122003543
-0.709985216253 -0.91322826119
-0.477256922376 -0.249023525791
0.756784543251 0.593112066198
0.329989331207 1.70978050788
1.57258432508 0.804760007428
0.581878751724 0.833454789185
-0.0853005415584 1.29212317472
0.0788648126419 0.67689077663
1.05036736923 -0.843999173828
-0.854236780502 -2.06320806141
0.320944419016 -0.128236415392
1.65128594728 0.877278518371
-0.70629505144 1.78044719164
-0.0380183503018 0.0834114975683
1.67812107518 0.488750033109
1.4364175266 1.623470177
1.16884277495 1.78944854109
0.490930683274 -0.404013930179
-0.510647994773 1.92298571266
-1.2329311352 -1.14280551073
1.62668219102 1.96247484648
-1.02982134994 -0.728197830222
-0.808229695978 -1.92846494476
-0.890051376 -1.68632147189
-0.531425270025 -0.482975079705
-0.795514867434 -1.41433567943
0.857175187288 -1.66341825542
1.25513687447 2.0299253693
2.28672704233 -1.68885788192
0.832290453801 -0.00583983109967
0.739011917446 -2.04036506187
1.28322434621 0.155179046623
1.72130678719 -0.433126529141
-0.175267444863 -1.85408200985
-1.51741844027 -1.04110833536
1.4123219955 -0.501348466204
0.29697410145 0.301265790238
1.26729407166 -0.656822840056
1.1967160733 -0.562773551768
-0.546371695811 -1.26742668482
0.922657416454 -0.162489868308
1.13951013783 0.964577521327
-1.44028649531 -0.25094924155
1.60153153307 -0.801447105042
1.06032378967 2.53362860927
0.99272009162 -1.36465757767
0.670480251272 1.19095747267
0.549933212653 1.1050806589
0.562480826521 0.72672511421
1.09835317347 -1.59855933402
1.69817514303 -0.596472653828
-0.524302493964 -1.29665177398
-2.19884052588 -0.570933342272
0.452895034466 -0.0427615784712
-2.61924135359 -1.22129910302
-0.0242439648434 -0.202981221005
1.23441074945 -0.829140408178
-1.62818665254 -0.0646354364312
-0.93990982626 -1.34574869496
-1.24026453812 -0.95045814687
0.806277229705 -1.39258896864
0.102714814413 -0.405619351971
0.81443008138 -0.678376185544
-1.68475443134 -2.06610009533
-0.802125085585 -1.76477857007
-1.63145037999 -0.775300373671
-0.023212881783 0.521592163248
0.244459783783 0.920042113985
1.13576519115 -0.117784678298
1.93983540736 0.482044902924
0.69867666168 1.80456556836
-0.688602593269 -1.002633972
-0.578485557297 -0.38870886619
-0.615100192893 -0.99937005133
-0.860150765006 -0.341056465443
1.20925266568 -0.573929110462
-0.28707104795 -0.0808421869696
-0.317403112595 -1.93053559853
1.01706046832 -1.01171680184
0.559548204276 -0.692267321401
1.56975653712 -1.41603238003
-0.431366487461 -0.617609693139
-1.54123475716 -2.04295310576
-1.55164762416 -2.00844264024
-0.773650427964 -1.95857378683
1.78864514547 0.244047944146
2.50470217441 0.936829305234
1.71525340991 0.613221528608
-1.27497442248 -1.23539170136
-1.03121957491 -0.817906966543
1.0272360941 1.43859497552
1.32170943338 1.19604050203
1.20909956199 1.63745197056
0.643723215526 -1.86173501592
0.64802830955 2.68871757568
-2.64754827978 -1.70360110167
1.353770857 1.25147440956
-0.41925911179 -0.710630485393
0.366232708587 -0.132041615121
1.19265511922 -0.902148927311
1.46313143158 -1.62442697164
1.13524948726 1.90813946237
0.685713629421 -0.191313530699
1.38329798141 -0.806231652189
0.0909192944858 1.8932527422
-0.899125460414 -0.836579344236
-1.71321991955 -0.511813207752
-0.63125280632 -0.92925740895
0.681127247538 1.01223541132
1.30774136283 -1.35938732369
1.18530361784 -0.277934192604
-0.0906869004516 -1.60890583313
1.01702249921 -1.41570334077
-1.78861259811 -1.66766309419
-0.705900864452 -0.609759242867
0.783690921667 -0.173202664431
1.7547381126 -0.791429266441
2.14063265597 -1.06933129118
1.67239005712 1.15808833502
-0.713313755234 -1.55971544977
0.900118601549 0.140654505713
0.442257285586 2.08364676097
2.48987683778 -1.27246855636
0.470454529783 1.21105984018
1.47422351854 1.03627427264
0.0666398383319 -1.04009683985
-0.723536267726 -1.35272292145
0.900242722044 -1.23081965533
-0.338122847387 -1.1409691803
2.15369445255 1.11495942884
2.60273949682 -1.16978938165
0.457993443659 0.811427155084
0.951888456143 -1.1619235101
-1.90745227179 -1.06511690111
0.522326891784 -1.62052390735
2.51981546452 1.4634520023
-0.291482193378 -0.0310692927934
1.5418730302 -0.326831774012
-1.46341698911 -1.52284143594
1.2328507063 -0.120137207606
0.53130003055 -0.968240351214
-0.413453797591 -2.70622512044
-0.127837620218 -2.00564846528
0.882923201278 -1.42282315995
0.485757157634 -0.827181550121
0.341713701992 -1.22138413624
-0.423300973362 -0.913869757197
-1.86982485692 -1.01938892118
-1.63522618699 -1.13468294546
0.0579587129865 -1.02974867686
0.708259535528 -0.872038445436
-1.53418105674 0.0629380480458
1.25728142722 1.13321809032
1.00856238855 2.09848173018
1.9436792324 -0.898166501517
0.430818084017 -1.42374820574
0.336367908874 0.00458812391296
0.978143573889 -1.09351670205
-0.176901915226 -1.10541905793
0.948816247836 0.0918342408303
0.755152473922 2.41643036484
0.405107475891 -0.49288745226
1.14579248465 1.68364732554
-1.26374887638 -1.63632262838
0.311495864958 -1.39339559828
1.57422525808 1.95196397918
1.37262099054 -1.56001945126
-1.80542394503 0.788114593126
1.84689508849 0.0157266600263
0.406907081377 -0.762356901632
-0.955556663729 -1.15497334884
-2.3604197959 -0.644190570084
0.452343123169 1.4375830595
1.64444260354 -0.873466175112
1.10638263927 -1.15559091097
0.120032503032 -2.62303749149
-0.895369769009 -0.447959466854
-1.49246072093 -1.43051459409
-0.544970618864 -1.25491886624
1.30488231151 0.580543005778
-1.21721759471 -0.926671469016
-0.793446951689 -1.76913791967
1.06871357042 -1.82209570957
-0.852073880673 -1.141675984
-1.98757631937 -0.884561089522
1.76976171712 1.45868461151
1.94133227787 -1.58204467948
1.00451281028 -0.712826649366
1.13847971749 1.0684255617
-0.673274544707 -0.887225574431
0.980029791116 0.772688814442
-2.05022986318 -1.57295289842
0.937670516352 -1.40417737412
-1.77535283063 -0.835515964978
0.307810527395 -1.30191226639
0.399608163867 1.09481826423
1.58285551763 1.22894634638
1.45807539462 -1.31494384475
1.09535594582 -1.74161459885
1.01530015075 1.02977735182
1.53958587228 1.17021775078
-0.780182015726 -0.738986793803
-1.32940579918 -0.869120574251
1.34300845253 -1.87852728271
0.803195224915 -0.174465308259
-0.212629132458 -1.261388514
-0.641206438002 -1.25138161655
0.711409771777 0.717578571605
0.0404680122199 1.60595704597
-0.287696750178 -1.14800002948
-0.871599947333 -0.798459197449
-0.686491235122 -1.52902553231
0.289621864586 0.578367702492
0.447797820218 -1.8981328715
-0.760300854099 -1.15639827854
-2.39248862631 -2.07839058031
0.541075024904 -0.81999205405
-0.0905989697284 0.645075661164
2.05533086865 -0.848849057557
1.03203096211 0.868971304982
0.100800536797 -1.02965167161
1.60830443997 1.12892688529
2.21585072411 -1.29248410527
-0.591642395225 -0.351376662184
-1.16260580503 -0.48974909283
0.997667987846 -1.06785909036
-1.85125360652 -0.901529667684
1.0717864741 -1.67452656893
0.123184660948 0.589575982352
0.825696852281 -1.1880482526
0.397142020462 2.33704546717
0.961918193416 -1.57173151474
1.06127202965 1.65712281298
1.17454285493 -0.616013755118
0.123411127688 -0.902466520347
2.53414389562 -0.97232953041
0.277477573911 -1.12415303829
0.532595799548 1.22887381678
2.33354454839 0.989655946238
2.05940790905 -0.0955502392725
0.285001802324 -1.1406398622
0.78966485009 0.751479888261
2.53867874733 -0.687566594814
1.10320408116 0.315774585928
-0.115687655964 -0.287138832766
0.743697089324 -0.488934325373
-2.19974077269 -0.716443808771
1.45938169096 -0.58543782146
-0.992819528128 0.261014446034
-1.07871062921 -0.371495078758
0.61399800735 -1.24505111965
-0.631327080357 -1.39746230138
-1.4731241858 -1.28925191985
0.988954548015 0.655788924391
